  0  2432469.416  7.56  9.31  0.46  5.50
  1  2436108.406  2.00  2.00  0.61  5.50
  2  2436820.429  2.00  2.00  0.83  5.50
  3  2436896.500  2.00  2.00  0.40  5.50
  4  2437906.000  4.00  4.00  0.45  5.50
  5  2438044.429  4.00  4.00  0.62  5.50
  6  2438236.528 23.35 23.74  0.80  5.50
  7  2438327.189 27.57  0.10  0.60  5.50
  8  2438594.391  2.00  2.00  0.88  5.50
  9  2438672.567 10.00  9.50  0.93  5.50
 10  2439026.417  0.10 30.90  0.87  5.50
 11  2439349.500  2.00  2.00  0.85  5.50
 12  2439386.099 22.37  1.73  0.40  5.50
 13  2439389.912 25.53 11.33  0.60  5.50
 14  2440127.352  2.00  2.00  0.52  5.50
 15  2440259.501 20.00 20.00  0.71  5.50
 16  2440444.428  1.60  1.99  0.85  5.50
 17  2440530.625  2.75  8.90  0.67  5.50
 18  2440854.331  2.00  2.00  0.63  5.50
 19  2441248.401  2.00  2.00  0.76  5.50
 20  2441550.637  2.00  2.00  0.90  5.50
 21  2442431.184  0.10  8.34  0.49  5.50
 22  2442649.741  2.00  6.92  0.64  5.50
 23  2442653.346  2.29  2.16  0.33  5.50
 24  2442713.346  2.00  2.00  0.61  5.50
 25  2442748.146  5.00  5.00  0.38  5.50
 26  2442750.346  2.00  2.00  0.90  5.50
 27  2442774.346  2.00  2.00  0.52  5.50
 28  2442826.500  2.00  2.00  0.90  5.50
 29  2443067.000  2.00 10.00  0.80  5.50
 30  2443199.200  2.00  2.00  0.56  5.50
 31  2443461.118  4.61  0.10  0.90  5.50
 32  2443833.638  1.69  2.31  0.81  5.50
 33  2443889.541  2.00 22.37  0.88  5.50
 34  2444140.000 40.00 20.00  0.43  5.50
 35  2444851.311  6.17  3.52  0.70  5.50
 36  2445234.700  2.00  2.00  0.85  5.50
 37  2445650.500  2.00  2.00  0.60  5.50
 38  2446358.623 20.45 52.45  0.71  5.50
 39  2446646.600  2.00  2.00  0.71  5.50
 40  2446826.000  2.00  2.00  0.45  5.50
 41  2447029.450  2.00  2.00  0.64  5.50
 42  2447114.413  1.00 13.23  0.61  5.50
 43  2447773.512  1.63  3.75  0.99  5.50
 44  2447861.200  2.00  2.00  0.70  5.50
 45  2448570.457  2.00  2.00  0.60  5.50
 46  2448833.350  1.00  5.00  0.75  5.50
 47  2448929.042  1.00 16.22  0.78  5.50
 48  2449193.455  1.00  1.00  0.40  5.50
 49  2449231.240  1.00  1.00  0.50  5.50
 50  2449238.840  1.00  6.00  0.48  5.50
 51  2449249.151  5.81 11.74  0.38  5.50
 52  2449574.899  4.18  4.10  0.53  5.50
 53  2449994.200  2.00  2.00  0.54  5.50
 54  2450369.329  4.98 14.63  0.55  5.50
 55  2450678.343  2.00  2.00  0.75  5.50
 56  2450804.500  4.15  3.00  0.75  5.50
 57  2451434.582  1.99  0.10  0.84  5.50
 58  2452639.500  5.00  5.00  0.63  5.50
 59  2452686.500  7.00  7.00  0.50  5.50
 60  2452879.500  0.10  7.00  0.65  5.50
 61  2452929.834  3.11  2.72  0.49  5.50
 62  2453177.804  0.14 16.00  0.14  5.50
 63  2453188.088 10.75  6.02  0.15  5.50
 64  2453190.891  0.39  7.79  0.20  5.50
 65  2453194.902  0.40 24.52  0.18  5.50
 66  2453207.496  6.23 34.27  0.19  5.50
 67  2453240.066  1.04  1.48  0.62  5.50
 68  2453242.905  1.90 11.30  0.08  5.50
 69  2453253.973  2.70 10.75  0.21  5.50
 70  2453257.295  3.55  8.15  0.25  5.50
 71  2453258.537  0.10 15.67  0.07  5.50
 72  2453264.634  0.10  4.00  0.36  5.50
 73  2453265.810  0.10 46.11  0.06  5.50
 74  2453324.229  1.98  2.00  0.51  5.50
 75  2453735.733  1.70  0.78  0.98  5.50
 76  2453964.038  4.03  6.46  0.15  5.50
 77  2453967.378  4.03  6.46  0.11  5.50
 78  2453972.624  4.97  3.63  0.21  5.50
 79  2453979.632  6.47  2.01  0.05  5.50
 80  2453990.531  0.75  3.45  0.60  5.50
 81  2453992.395  3.80  2.11  0.71  5.50
 82  2453993.831  2.56  1.43  0.20  5.50
 83  2453994.436  0.10  4.54  0.92  5.50
 84  2453995.800  0.10  2.50  0.65  5.50
 85  2454013.152  6.32  5.00  0.42  5.50
 86  2454021.664  6.27  8.90  0.09  5.50
 87  2454064.350  0.10  1.00  0.60  5.50
 88  2454066.190  3.98 12.46  1.82  5.50
 89  2454073.600  1.00  4.50  0.30  5.50
 90  2454082.434  4.09  4.63  0.10  5.50
 91  2454101.500  1.00  5.00  0.40  5.50
 92  2454391.648  1.15  0.68  0.40  5.50
 93  2454415.674  1.00  0.10  0.71  5.50
 94  2454433.466  0.10  2.09  0.65  5.50
 95  2454461.492  1.10  5.00  0.66  5.50
 96  2454463.128  0.10  5.94  0.51  5.50
 97  2454739.051  5.24 13.66  0.36  5.50
 98  2455935.700  0.52  3.76  0.50  5.50
 99  2456480.800  3.00  3.00  0.82  5.50
100  2456551.700  1.00  1.00  0.73  5.50
101  2456609.412  0.10  3.73  0.70  5.50
102  2456624.601  2.00  3.70  0.75  5.50
103  2456652.600  1.00  1.00  0.95  5.50
104  2456891.916  0.10 22.60  0.50  5.50
105  2456933.500  2.00  2.00  0.40  5.50
106  2456976.175  9.94  2.42  0.68  5.50
