wav,fnu
0.42,1.616
0.532,2.174
1.24,3.229
1.65,2.444
2.16,1.689
3.35,0.8768
5.1870,0.692853
5.2172,0.661419
5.2475,0.653901
5.2777,0.658682
5.3080,0.658005
5.3382,0.654896
5.3685,0.650042
5.3987,0.650750
5.4289,0.649890
5.4592,0.635451
5.4894,0.627523
5.5197,0.608159
5.5499,0.596944
5.5802,0.605796
5.6104,0.593514
5.6406,0.600847
5.6709,0.594400
5.7011,0.597672
5.7314,0.598545
5.7616,0.600978
5.7918,0.611440
5.8221,0.613521
5.8523,0.620949
5.8826,0.614972
5.9128,0.614233
5.9430,0.627929
5.9733,0.613050
6.0035,0.616556
6.0338,0.624353
6.0640,0.619487
6.0943,0.612391
6.1245,0.608873
6.1547,0.608988
6.1850,0.596602
6.2152,0.593890
6.2455,0.597050
6.2757,0.591646
6.3060,0.587553
6.3362,0.599081
6.3664,0.597018
6.3967,0.595477
6.4269,0.591358
6.4572,0.595309
6.4874,0.598711
6.5177,0.604597
6.5479,0.609941
6.5781,0.616500
6.6084,0.630170
6.6386,0.641177
6.6689,0.630797
6.6991,0.633582
6.7294,0.619247
6.7596,0.605540
6.7898,0.614967
6.8201,0.628612
6.8503,0.622929
6.8806,0.600917
6.9108,0.601419
6.9410,0.604119
6.9713,0.605889
7.0015,0.616339
7.0318,0.615632
7.0620,0.630503
7.0922,0.651608
7.1225,0.658500
7.1527,0.656807
7.1830,0.665325
7.2132,0.681930
7.2435,0.692832
7.2737,0.696734
7.3039,0.709202
7.3342,0.697665
7.3644,0.687370
7.3947,0.691764
7.4249,0.686325
7.4552,0.678306
7.4854,0.700854
7.5156,0.699488
7.5459,0.705253
7.5761,0.725197
7.6366,0.756373
7.6971,0.757623
7.7576,0.766121
7.8180,0.768749
7.8785,0.773240
7.9390,0.805105
7.9995,0.840930
8.0600,0.858054
8.1205,0.878288
8.1810,0.912474
8.2414,0.959459
8.3019,1.009960
8.3624,1.066680
8.4229,1.105400
8.4834,1.145880
8.5439,1.189880
8.6043,1.234600
8.6648,1.260710
8.7253,1.297370
8.7858,1.324470
8.8463,1.373090
8.9068,1.409290
8.9672,1.470950
9.0277,1.546940
9.0882,1.625420
9.1487,1.690770
9.2092,1.751730
9.2697,1.801430
9.3301,1.837550
9.3906,1.862040
9.4511,1.931740
9.5116,2.013790
9.5721,2.068100
9.6326,2.146320
9.6931,2.251750
9.7535,2.374870
9.8140,2.462960
9.8745,2.526780
9.9350,2.559610
9.9473,2.358180
9.9550,2.372200
9.9626,2.312320
9.9703,2.446480
9.9780,2.424940
9.9857,2.420370
9.9944,2.482200
10.0010,2.448270
10.0087,2.404440
10.0164,2.325910
10.0241,2.360180
10.0318,2.406390
10.0396,2.392670
10.0473,2.358170
10.0555,2.485640
10.0628,2.435000
10.0705,2.394640
10.0782,2.377230
10.0860,2.379590
10.0938,2.318370
10.1015,2.338670
10.1093,2.356910
10.1167,2.417400
10.1249,2.316950
10.1327,2.298940
10.1405,2.359480
10.1483,2.345880
10.1561,2.347870
10.1639,2.329640
10.1717,2.368770
10.1782,2.393860
10.1874,2.297860
10.1952,2.294600
10.2031,2.313950
10.2109,2.293670
10.2188,2.280520
10.2266,2.327120
10.2360,2.341370
10.2424,2.284830
10.2503,2.251550
10.2581,2.263410
10.2660,2.319550
10.2739,2.261040
10.2818,2.243840
10.2898,2.226060
10.2978,2.245590
10.3056,2.173700
10.3135,2.239600
10.3215,2.216860
10.3294,2.158280
10.3374,2.156720
10.3453,2.223440
10.3533,2.196620
10.3598,2.203570
10.3692,2.163380
10.3772,2.213080
10.3852,2.159630
10.3932,2.151780
10.4012,2.152380
10.4092,2.188220
10.4180,2.219430
10.4252,2.151480
10.4332,2.115410
10.4412,2.153860
10.4493,2.137040
10.4573,2.160370
10.4654,2.152590
10.4734,2.166550
10.4804,2.193840
10.4895,2.123510
10.4976,2.161000
10.5057,2.165840
10.5138,2.197220
10.5219,2.166020
10.5300,2.132060
10.5389,2.244140
10.5462,2.178700
10.5543,2.155720
10.5624,2.157570
10.5705,2.176030
10.5787,2.184190
10.5868,2.173710
10.5950,2.220710
10.6017,2.280050
10.6113,2.209110
10.6194,2.180230
10.6276,2.208690
10.6358,2.237440
10.6440,2.295530
10.6522,2.273130
10.6606,2.349760
10.6686,2.326420
10.6768,2.294320
10.6850,2.308950
10.6932,2.332230
10.7015,2.335160
10.7097,2.328150
10.7196,2.386980
10.7262,2.361100
10.7344,2.375770
10.7427,2.363110
10.7510,2.400120
10.7592,2.431920
10.7675,2.485240
10.7758,2.418450
10.7829,2.515820
10.7924,2.503610
10.8007,2.512200
10.8090,2.552450
10.8173,2.567120
10.8257,2.577580
10.8340,2.515410
10.8423,2.595170
10.8507,2.542940
10.8590,2.593380
10.8674,2.575580
10.8757,2.544820
10.8841,2.572640
10.8925,2.607840
10.9018,2.683520
10.9092,2.596000
10.9176,2.632290
10.9260,2.638130
10.9345,2.625120
10.9429,2.622010
10.9513,2.670580
10.9614,2.736590
10.9681,2.642920
10.9766,2.666410
10.9850,2.672560
10.9935,2.673620
11.0019,2.581920
11.0104,2.736550
11.0189,2.690240
11.0255,2.773280
11.0358,2.722640
11.0443,2.657050
11.0528,2.726920
11.0613,2.722930
11.0699,2.725290
11.0784,2.723620
11.0856,2.755370
11.0954,2.666820
11.1040,2.734860
11.1125,2.718590
11.1211,2.749760
11.1296,2.743280
11.1382,2.741770
11.1458,2.786580
11.1553,2.786510
11.1639,2.789520
11.1725,2.761200
11.1811,2.813150
11.1897,2.716340
11.1983,2.786030
11.2060,2.778790
11.2156,2.812560
11.2242,2.722510
11.2328,2.633300
11.2415,2.655590
11.2501,2.648070
11.2588,2.652340
11.2666,2.660090
11.2761,2.659890
11.2848,2.626740
11.2935,2.635310
11.3022,2.647160
11.3109,2.627630
11.3196,2.623720
11.3272,2.576250
11.3370,2.573950
11.3457,2.565500
11.3545,2.531080
11.3632,2.515620
11.3719,2.499440
11.3807,2.512320
11.3881,2.470560
11.3982,2.444720
11.4070,2.424850
11.4158,2.406600
11.4246,2.415990
11.4333,2.373430
11.4421,2.323330
11.4490,2.310550
11.4598,2.308620
11.4686,2.277060
11.4774,2.282310
11.4862,2.216190
11.4951,2.216560
11.5057,2.144160
11.5128,2.172870
11.5216,2.124030
11.5305,2.133600
11.5394,2.116090
11.5482,2.167600
11.5571,2.111570
11.5670,2.015190
11.5749,2.105820
11.5838,1.961180
11.5927,1.969940
11.6017,1.930110
11.6106,1.908060
11.6195,1.867750
11.6285,1.832880
11.6374,1.880000
11.6464,1.948590
11.6553,1.950720
11.6643,1.821280
11.6733,1.769360
11.6823,1.764630
11.6901,1.759240
11.7002,1.707490
11.7093,1.714480
11.7183,1.731660
11.7273,1.756250
11.7363,1.801780
11.7474,1.656000
11.7544,1.611190
11.7634,1.631820
11.7725,1.594870
11.7815,1.592930
11.7906,1.594180
11.7997,1.640890
11.8094,1.609950
11.8178,1.642640
11.8269,1.603110
11.8360,1.571270
11.8451,1.594840
11.8543,1.602500
11.8634,1.562230
11.8715,1.564510
11.8816,1.598660
11.8908,1.584290
11.8999,1.579370
11.9091,1.584180
11.9183,1.569140
11.9291,1.544050
11.9366,1.586830
11.9458,1.618040
11.9550,1.575100
11.9642,1.530020
11.9734,1.532780
11.9826,1.515650
11.9916,1.489240
12.0011,1.510300
12.0103,1.510330
12.0195,1.491060
12.0288,1.515780
12.0380,1.524280
12.0496,1.455930
12.0566,1.453750
12.0659,1.431120
12.0751,1.428890
12.0844,1.413380
12.0937,1.413330
12.1030,1.408410
12.1124,1.378790
12.1217,1.412120
12.1310,1.373080
12.1403,1.348500
12.1497,1.361420
12.1590,1.323640
12.1707,1.320280
12.1777,1.353140
12.1871,1.350100
12.1965,1.332450
12.2059,1.285320
12.2153,1.290310
12.2247,1.300320
12.2338,1.265330
12.2435,1.312690
12.2529,1.282100
12.2624,1.307780
12.2718,1.280680
12.2812,1.261460
12.2922,1.236780
12.3001,1.282370
12.3096,1.226780
12.3191,1.287890
12.3286,1.304740
12.3380,1.249150
12.3475,1.293620
12.3556,1.204400
12.3666,1.264240
12.3761,1.252920
12.3856,1.250220
12.3951,1.212350
12.4047,1.175350
12.4145,1.148540
12.4237,1.154920
12.4333,1.165920
12.4429,1.127660
12.4525,1.129820
12.4620,1.177440
12.4734,1.145470
12.4812,1.161630
12.4908,1.161400
12.5004,1.159630
12.5101,1.143570
12.5197,1.154950
12.5293,1.164300
12.5374,1.147240
12.5486,1.166030
12.5583,1.153770
12.5679,1.151940
12.5776,1.162480
12.5873,1.144100
12.5967,1.129800
12.6067,1.144070
12.6164,1.161770
12.6261,1.162290
12.6358,1.145630
12.6455,1.163850
12.6560,1.129030
12.6650,1.116450
12.6747,1.143150
12.6845,1.107780
12.6943,1.097110
12.7040,1.127080
12.7155,1.127280
12.7236,1.121480
12.7334,1.116850
12.7432,1.107310
12.7530,1.092710
12.7628,1.094000
12.7726,1.106160
12.7801,1.104800
12.7923,1.125570
12.8021,1.114660
12.8120,1.124200
12.8218,1.131180
12.8317,1.114180
12.8399,1.102570
12.8514,1.128240
12.8613,1.105950
12.8712,1.098810
12.8811,1.087890
12.8911,1.081540
12.8998,1.091070
12.9109,1.084960
12.9208,1.100930
12.9308,1.105350
12.9407,1.087720
12.9507,1.076020
12.9599,1.086380
12.9706,1.108380
12.9806,1.145120
12.9906,1.104700
13.0006,1.110480
13.0106,1.132590
13.0202,1.105000
13.0306,1.144940
13.0407,1.125560
13.0507,1.130010
13.0607,1.110710
13.0708,1.114200
13.0805,1.114060
13.0909,1.108450
13.1010,1.107860
13.1111,1.095190
13.1212,1.071590
13.1313,1.102410
13.1410,1.090690
13.1515,1.099730
13.1616,1.081100
13.1717,1.044170
13.1819,1.081160
13.1920,1.121810
13.2017,1.113180
13.2123,1.133540
13.2225,1.122380
13.2326,1.092570
13.2428,1.043880
13.2530,1.067990
13.2624,1.103820
13.2734,1.140720
13.2836,1.130690
13.2939,1.075960
13.3041,1.019800
13.3143,1.071270
13.3233,1.085660
13.3348,1.094140
13.3451,1.083970
13.3554,1.087030
13.3656,1.078730
13.3759,1.068260
13.3844,1.077240
13.3965,1.053540
13.4068,1.080810
13.4171,1.105070
13.4275,1.122240
13.4378,1.089950
13.4455,1.107670
13.4585,1.115930
13.4689,1.086830
13.4792,1.133360
13.4896,1.183360
13.5017,1.151070
13.5104,1.142560
13.5208,1.155310
13.5312,1.163410
13.5416,1.161890
13.5520,1.165820
13.5632,1.146190
13.5729,1.127610
13.5833,1.126940
13.5938,1.147430
13.6042,1.167170
13.6147,1.163950
13.6249,1.132230
13.6356,1.154320
13.6461,1.177060
13.6566,1.152960
13.6671,1.162730
13.6777,1.149630
13.6866,1.155250
13.6987,1.162600
13.7093,1.129940
13.7198,1.104160
13.7304,1.146130
13.7432,1.157040
13.7515,1.187660
13.7621,1.149560
13.7727,1.149780
13.7833,1.196000
13.7939,1.168580
13.8052,1.145550
13.8151,1.173700
13.8258,1.210490
13.8364,1.186080
13.8470,1.188170
13.8577,1.174260
13.8674,1.149770
13.8790,1.189430
13.8897,1.243100
13.9004,1.233800
13.9111,1.201000
13.9243,1.165120
13.9325,1.227640
13.9432,1.213110
13.9540,1.178470
13.9647,1.212920
13.9755,1.285320
13.9868,1.167090
13.9970,1.183100
14.0077,1.273150
14.0185,1.228750
14.0293,1.230730
14.0401,1.244720
14.0509,1.245200
14.0617,1.223530
14.0725,1.199290
14.0834,1.204930
14.0942,1.230170
14.1051,1.243410
14.1159,1.238040
14.1268,1.175550
14.1376,1.139450
14.1485,1.187130
14.1594,1.260940
14.1703,1.231930
14.1812,1.161230
14.1921,1.133530
14.2030,1.174810
14.2140,1.189250
14.2249,1.183130
14.2359,1.180620
14.2468,1.142450
14.2578,1.183360
14.2688,1.178480
14.2797,1.156040
14.2907,1.157610
14.3017,1.173490
14.3127,1.177440
14.3237,1.213550
14.3348,1.230250
14.3458,1.212370
14.3568,1.188990
14.3679,1.206970
14.3789,1.208800
14.3900,1.205150
14.4011,1.201050
14.4122,1.170950
14.4232,1.183240
14.4343,1.245660
14.4454,1.240390
14.4566,1.252810
14.4677,1.232670
14.4788,1.240940
14.4900,1.237610
14.5011,1.226860
14.5123,1.218860
14.5234,1.252970
14.5346,1.208990
14.5458,1.214700
14.5570,1.248530
14.5682,1.217910
14.5794,1.232260
14.5906,1.248200
14.6019,1.275910
14.6131,1.303630
14.6243,1.307640
14.6356,1.297810
14.6469,1.311790
14.6581,1.305520
14.6694,1.247370
14.6807,1.279560
14.6920,1.306290
14.7033,1.292240
14.7146,1.283180
14.7259,1.303560
14.7373,1.294970
14.7486,1.295150
14.7600,1.297930
14.7713,1.328970
14.7827,1.305610
14.7941,1.312790
14.8054,1.285420
14.8168,1.305520
14.8282,1.295480
14.8397,1.306060
14.8511,1.300780
14.8625,1.380110
14.8739,1.365680
14.8854,1.411180
14.8968,1.407010
14.9083,1.347640
14.9198,1.329010
14.9312,1.401130
14.9427,1.366050
14.9542,1.356320
14.9657,1.339230
14.9773,1.286290
14.9888,1.307750
15.0003,1.279230
15.0119,1.280070
15.0234,1.293500
15.0350,1.308460
15.0465,1.347910
15.0581,1.398790
15.0697,1.348990
15.0813,1.366670
15.0929,1.405620
15.1045,1.339670
15.1162,1.282810
15.1278,1.297480
15.1394,1.286850
15.1511,1.285070
15.1627,1.280590
15.1744,1.324810
15.1861,1.321160
15.1978,1.316730
15.2095,1.264170
15.2212,1.307340
15.2329,1.371300
15.2446,1.386300
15.2563,1.387790
15.2681,1.282620
15.2798,1.345440
15.2916,1.339510
15.3034,1.293240
15.3151,1.310810
15.3269,1.353780
15.3387,1.303450
15.3505,1.300830
15.3623,1.308850
15.3742,1.352040
15.3860,1.372990
15.3978,1.352770
15.4097,1.416900
15.4215,1.362500
15.4334,1.347420
15.4453,1.333750
15.4572,1.288210
15.4691,1.322830
15.4810,1.339070
15.4929,1.311380
15.5048,1.302040
15.5167,1.340420
15.5287,1.364010
15.5406,1.351780
15.5526,1.385140
15.5645,1.355730
15.5765,1.358400
15.5885,1.364800
15.6005,1.411180
15.6125,1.378170
15.6245,1.359660
15.6365,1.364270
15.6486,1.388180
15.6606,1.393300
15.6727,1.419140
15.6847,1.383360
15.6968,1.399870
15.7089,1.432030
15.7210,1.425140
15.7331,1.441610
15.7452,1.436100
15.7573,1.478650
15.7694,1.477570
15.7815,1.473090
15.7937,1.443410
15.8058,1.455380
15.8180,1.504840
15.8302,1.493060
15.8424,1.505820
15.8546,1.482370
15.8667,1.492340
15.8790,1.572060
15.8912,1.548370
15.9034,1.535050
15.9157,1.565400
15.9279,1.571960
15.9402,1.559600
15.9524,1.532420
15.9647,1.547950
15.9770,1.553260
15.9893,1.609930
16.0016,1.567030
16.0139,1.607200
16.0262,1.645260
16.0385,1.634960
16.0509,1.610170
16.0632,1.585210
16.0756,1.505570
16.0880,1.546220
16.1003,1.572350
16.1127,1.619540
16.1251,1.628030
16.1376,1.614520
16.1500,1.606780
16.1624,1.621120
16.1748,1.593610
16.1873,1.644400
16.1997,1.700120
16.2122,1.679680
16.2247,1.663870
16.2372,1.643260
16.2497,1.671490
16.2622,1.753340
16.2747,1.710390
16.2872,1.619710
16.2997,1.599830
16.3123,1.675950
16.3248,1.699060
16.3374,1.828670
16.3500,1.532470
16.3626,1.540970
16.3751,1.538960
16.3877,1.589720
16.4004,1.667310
16.4130,1.680750
16.4256,1.584960
16.4382,1.488910
16.4509,1.532670
16.4636,1.495640
16.4762,1.557420
16.4889,1.512110
16.5016,1.530540
16.5143,1.520400
16.5270,1.527300
16.5397,1.501650
16.5524,1.457820
16.5652,1.501570
16.5779,1.498170
16.5907,1.498290
16.6035,1.481590
16.6162,1.469690
16.6290,1.537370
16.6418,1.534950
16.6546,1.520170
16.6674,1.483590
16.6803,1.456100
16.6931,1.503410
16.7059,1.472480
16.7188,1.497070
16.7317,1.479270
16.7445,1.506690
16.7574,1.499040
16.7703,1.455260
16.7832,1.457150
16.7961,1.484410
16.8091,1.446210
16.8220,1.507990
16.8349,1.469660
16.8479,1.479970
16.8609,1.504420
16.8738,1.551440
16.8868,1.498680
16.8998,1.455480
16.9128,1.414750
16.9258,1.473940
16.9389,1.578710
16.9519,1.454890
16.9649,1.469500
16.9780,1.475660
16.9911,1.432150
17.0041,1.461580
17.0172,1.473320
17.0303,1.427020
17.0434,1.433960
17.0565,1.407090
17.0697,1.444560
17.0828,1.453920
17.0959,1.443390
17.1091,1.464340
17.1223,1.503860
17.1354,1.473460
17.1486,1.409520
17.1618,1.401160
17.1750,1.414830
17.1882,1.395690
17.2015,1.484070
17.2147,1.532700
17.2280,1.489890
17.2412,1.488170
17.2545,1.484490
17.2678,1.500420
17.2810,1.505780
17.2943,1.507340
17.3076,1.475440
17.3210,1.452530
17.3343,1.485130
17.3476,1.486390
17.3610,1.489710
17.3743,1.486570
17.3877,1.515140
17.4011,1.499140
17.4145,1.514320
17.4279,1.477060
17.4413,1.518690
17.4547,1.497260
17.4682,1.457340
17.4816,1.503590
17.4951,1.471830
17.5085,1.440950
17.5220,1.477810
17.5355,1.520550
17.5490,1.457630
17.5625,1.513320
17.5760,1.619720
17.5895,1.414820
17.6030,1.450010
17.6166,1.577100
17.6301,1.585850
17.6437,1.543580
17.6573,1.587470
17.6709,1.708630
17.6845,1.620320
17.6981,1.548960
17.7117,1.553570
17.7253,1.690810
17.7390,1.650660
17.7526,1.536710
17.7663,1.572000
17.7800,1.590850
17.7936,1.513460
17.8073,1.633460
17.8210,1.547100
17.8347,1.573470
17.8485,1.553720
17.8622,1.511330
17.8759,1.517270
17.8897,1.540590
17.9035,1.582850
17.9172,1.638680
17.9310,1.623390
17.9448,1.588690
17.9587,1.562810
17.9725,1.553100
17.9863,1.600860
18.0001,1.656810
18.0140,1.661790
18.0278,1.607590
18.0417,1.665270
18.0556,1.676650
18.0695,1.672500
18.0834,1.695950
18.0973,1.644500
18.1112,1.668270
18.1252,1.651660
18.1391,1.594490
18.1531,1.696560
18.1671,1.784110
18.1810,1.795210
18.1950,1.755300
18.2090,1.833130
18.2230,1.744350
18.2371,1.759650
18.2511,1.773130
18.2652,1.769040
18.2792,1.859090
18.2933,1.804440
18.3074,1.793890
18.3214,1.791140
18.3355,1.794970
18.3496,1.799320
18.3638,1.813640
18.3779,1.741840
18.3920,1.834280
18.4062,1.867420
18.4204,1.822220
18.4345,1.827870
18.4487,1.885240
18.4629,1.811610
18.4771,1.833310
18.4913,1.889690
18.5056,1.886770
18.5198,1.879490
18.5341,1.900370
18.5483,1.872810
18.5626,1.853320
18.5769,1.868580
18.5912,1.877880
18.6055,1.886750
18.6198,1.900600
18.6341,1.924570
18.6485,1.917160
18.6628,1.925960
18.6772,1.873560
18.6916,1.868520
18.7059,1.866430
18.7203,1.848310
18.7347,1.894610
18.7492,1.900220
18.7636,1.948210
18.7780,1.900850
18.7925,2.036650
18.8069,2.061200
18.8214,1.993670
18.8359,1.949950
18.8504,1.949350
18.8649,1.965840
18.8794,2.000650
18.8939,1.943260
18.9085,2.020880
18.9230,2.065740
18.9376,2.006990
18.9522,1.969430
18.9667,1.955820
18.9813,1.956400
18.9960,1.891930
19.0106,1.946380
19.0252,1.933310
19.0398,1.900150
19.0545,1.855810
19.0692,1.973790
19.0838,1.953980
19.0985,1.975950
19.1132,1.902180
19.1279,1.982720
19.1426,2.114490
19.1574,1.981870
19.1721,1.972660
19.1869,1.991880
19.2016,1.976740
19.2164,2.064480
19.2312,1.808080
19.2460,2.039230
19.2608,1.963950
19.2747,1.930480
19.2902,2.031750
19.3053,1.982420
19.3061,2.000270
19.3222,1.873430
19.3383,1.936300
19.3544,1.986620
19.3705,1.936790
19.3867,1.970790
19.4028,1.889480
19.4190,1.831110
19.4352,1.880540
19.4514,1.899120
19.4676,1.939770
19.4839,1.939010
19.5001,1.914410
19.5163,1.917310
19.5326,1.886920
19.5489,1.860420
19.5652,1.923710
19.5815,1.927570
19.5978,1.969050
19.6142,1.969690
19.6305,1.852560
19.6469,1.871560
19.6633,1.853770
19.6797,1.872670
19.6961,1.893190
19.7125,1.865570
19.7289,1.875240
19.7454,1.837510
19.7618,1.791620
19.7783,1.801040
19.7948,1.787720
19.8113,1.822050
19.8278,1.809160
19.8444,1.807080
20.0438,1.772000
20.0605,1.819880
20.0772,1.800400
20.0940,1.804400
20.1107,1.847740
20.1275,1.768430
20.1443,1.740830
20.1611,1.741250
20.1779,1.696880
20.1947,1.783310
20.2115,1.784570
20.2284,1.667930
20.2452,1.688150
20.2621,1.652970
20.2790,1.618710
20.2959,1.677550
20.3128,1.641090
20.3298,1.668170
20.3467,1.764050
20.3637,1.683480
20.3806,1.646730
20.3976,1.689150
20.4146,1.596700
20.4317,1.584610
20.4487,1.639260
20.4657,1.621010
20.4828,1.695240
20.4999,1.682810
20.5170,1.674830
20.5341,1.640880
20.5512,1.571120
20.5683,1.551430
20.5855,1.621110
20.6026,1.605760
20.6198,1.626030
20.6370,1.717310
20.6542,1.581680
20.6714,1.538460
20.6887,1.573870
20.7059,1.532530
20.7232,1.599020
20.7404,1.632880
20.7577,1.612100
20.7750,1.615400
20.7924,1.662490
20.8097,1.611010
20.8270,1.615400
20.8444,1.533040
20.8618,1.572670
20.8792,1.678870
20.8966,1.593050
20.9140,1.648890
20.9314,1.605960
20.9489,1.525110
20.9664,1.583990
20.9838,1.717660
21.0013,1.558620
21.0188,1.636680
21.0364,1.708540
21.0539,1.614170
21.0714,1.577130
21.0890,1.646700
21.1066,1.533160
21.1242,1.622550
21.1418,1.663020
21.1594,1.605570
21.1771,1.642740
21.1947,1.718510
21.2124,1.632290
21.2301,1.622470
21.2478,1.663720
21.2655,1.539310
21.2832,1.604420
21.3010,1.719000
21.3187,1.562360
21.3365,1.608530
21.3543,1.655900
21.3721,1.578680
21.3899,1.576700
21.4077,1.638200
21.4256,1.560510
21.4435,1.605020
21.4613,1.667580
21.4792,1.591000
21.4971,1.570650
21.5150,1.612980
21.5330,1.521370
21.5509,1.546340
21.5689,1.603450
21.5869,1.552470
21.6049,1.591650
21.6229,1.671570
21.6409,1.574270
21.6590,1.542010
21.6770,1.615320
21.6951,1.456480
21.7132,1.475680
21.7313,1.589870
21.7494,1.593320
21.7675,1.582580
21.7857,1.641570
21.8038,1.543470
21.8220,1.540730
21.8402,1.596240
21.8584,1.564990
21.8766,1.469100
21.8949,1.566080
21.9131,1.596150
21.9314,1.508070
21.9497,1.558520
21.9680,1.581850
21.9863,1.546240
22.0046,1.530400
22.0230,1.580830
22.0413,1.495270
22.0597,1.533960
22.0781,1.618280
22.0965,1.593660
22.1149,1.561440
22.1334,1.578540
22.1518,1.541570
22.1703,1.476330
22.1888,1.528530
22.2073,1.549850
22.2258,1.574300
22.2443,1.636180
22.2628,1.563580
22.2814,1.543700
22.3000,1.600710
22.3186,1.619510
22.3372,1.596380
22.3558,1.709190
22.3744,1.750750
22.3931,1.661400
22.4118,1.686700
22.4304,1.767610
22.4491,1.632150
22.4679,1.606600
22.4866,1.673310
22.5053,1.644090
22.5241,1.614380
22.5429,1.684360
22.5617,1.675330
22.5805,1.607410
22.5993,1.679880
22.6181,1.699370
22.6370,1.608590
22.6559,1.659210
22.6748,1.730210
22.6937,1.646670
22.7126,1.625940
22.7315,1.687510
22.7505,1.650330
22.7694,1.633970
22.7884,1.679550
22.8074,1.610290
22.8264,1.579840
22.8455,1.712750
22.8645,1.743100
22.8836,1.626260
22.9027,1.679570
22.9217,1.727940
22.9408,1.628520
22.9600,1.646890
22.9791,1.703020
22.9983,1.651810
23.0175,1.631460
23.0366,1.702050
23.0558,1.654960
23.0751,1.629850
23.0943,1.684610
23.1136,1.735290
23.1328,1.589580
23.1521,1.652860
23.1714,1.747650
23.1907,1.704490
23.2101,1.662190
23.2294,1.747430
23.2488,1.679570
23.2682,1.619250
23.2875,1.663670
23.3070,1.688330
23.3264,1.598220
23.3458,1.681180
23.3653,1.743380
23.3848,1.616530
23.4043,1.575230
23.4238,1.674720
23.4433,1.635080
23.4629,1.527950
23.4824,1.579430
23.5020,1.639950
23.5216,1.608420
23.5412,1.635550
23.5608,1.725650
23.5805,1.670390
23.6001,1.656000
23.6198,1.725880
23.6395,1.749550
23.6592,1.614600
23.6789,1.703040
23.6987,1.774180
23.7184,1.650030
23.7382,1.586730
23.7580,1.746630
23.7778,1.735030
23.7976,1.638450
23.8175,1.657670
23.8373,1.675330
23.8572,1.648960
23.8771,1.722920
23.8970,1.756520
23.9169,1.661240
23.9368,1.606040
23.9568,1.711010
23.9768,1.634300
23.9968,1.538890
24.0168,1.605280
24.0368,1.618050
24.0568,1.591070
24.0769,1.661410
24.0970,1.752470
24.1171,1.677510
24.1372,1.648430
24.1573,1.730670
24.1774,1.629220
24.1976,1.512170
24.2178,1.544910
24.2379,1.630800
24.2581,1.541150
24.2784,1.553640
24.2986,1.679380
24.3189,1.573790
24.3391,1.472830
24.3594,1.570630
24.3797,1.629910
24.4001,1.496890
24.4204,1.452630
24.4408,1.546660
24.4611,1.530360
24.4815,1.491300
24.5019,1.558850
24.5224,1.567800
24.5428,1.465800
24.5633,1.449030
24.5837,1.493970
24.6042,1.471010
24.6248,1.413690
24.6453,1.478050
24.6658,1.521850
24.6864,1.387560
24.7070,1.422550
24.7276,1.483260
24.7482,1.443140
24.7688,1.373430
24.7895,1.411320
24.8101,1.398880
24.8308,1.383200
24.8515,1.403050
24.8722,1.482190
24.8930,1.427790
24.9137,1.401470
24.9345,1.460720
24.9553,1.422720
24.9761,1.303440
24.9969,1.333510
25.0177,1.459310
25.0386,1.393068
25.0595,1.294007
25.0804,1.339903
25.1013,1.379873
25.1222,1.294110
25.1432,1.311536
25.1641,1.369541
25.1851,1.318636
25.2061,1.239974
25.2271,1.305463
25.2481,1.418690
25.2692,1.295412
25.2903,1.250610
25.3113,1.341766
25.3324,1.391710
25.3536,1.288525
25.3747,1.240904
25.3958,1.308049
25.4170,1.265755
25.4382,1.185072
25.4594,1.252482
25.4806,1.278875
25.5019,1.252934
25.5231,1.202184
25.5444,1.290376
25.5657,1.284761
25.5870,1.143155
25.6084,1.139406
25.6297,1.226745
25.6511,1.221481
25.6725,1.173035
25.6939,1.240159
25.7153,1.260303
25.7367,1.195097
25.7582,1.201095
25.7797,1.205311
25.8011,1.211811
25.8227,1.132361
25.8442,1.142405
25.8657,1.230724
25.8873,1.194868
25.9089,1.160183
25.9305,1.194854
25.9521,1.287522
25.9737,1.139203
25.9954,1.166230
26.0171,1.235442
26.0387,1.215205
26.0605,1.147780
26.0822,1.184107
26.1039,1.251440
26.1257,1.207543
26.1475,1.149964
26.1693,1.198847
26.1911,1.254902
26.2129,1.190190
26.2348,1.214707
26.2567,1.220576
26.2785,1.204704
26.3004,1.108137
26.3224,1.125527
26.3443,1.187753
26.3663,1.148863
26.3883,1.103280
26.4103,1.171178
26.4323,1.204014
26.4543,1.106524
26.4764,1.100094
26.4984,1.164837
26.5205,1.281514
26.5426,1.269217
26.5648,1.139447
26.5869,1.170582
26.6091,1.173679
26.6313,1.147322
26.6535,1.113698
26.6757,1.205759
26.6979,1.158837
26.7202,1.100847
26.7425,1.101284
26.7647,1.175612
26.7871,1.138189
26.8094,1.118768
26.8318,1.197026
26.8541,1.238554
26.8765,1.164152
26.8989,1.087110
26.9213,1.179147
26.9438,1.285214
26.9662,1.192706
26.9887,1.087997
27.0112,1.178734
27.0337,1.217371
27.0563,1.152013
27.0788,1.172194
27.1014,1.245312
27.1240,1.225419
27.1466,1.178048
27.1693,1.188428
27.1919,1.193425
27.2146,1.206863
27.2373,1.063983
27.2600,1.146022
27.2827,1.187782
27.3054,1.174116
27.3282,1.101642
27.3510,1.110808
27.3738,1.152466
27.3966,1.101910
27.4195,1.139708
27.4423,1.206506
27.4652,1.208571
27.4881,1.210367
27.5110,1.175577
27.5339,1.180662
27.5569,1.234533
27.5799,1.251089
27.6028,1.186222
27.6259,1.190998
27.6489,1.237592
27.6719,1.206660
27.6950,1.171168
27.7181,1.184045
27.7412,1.162954
27.7643,1.117816
27.7875,1.108732
27.8106,1.172971
27.8338,1.180742
27.8570,1.149242
27.8803,1.128330
27.9035,1.144625
27.9268,1.159284
27.9501,1.072016
27.9734,1.078860
27.9967,1.147546
28.0200,1.169003
28.0434,1.109926
28.0667,1.095352
28.0902,1.177477
28.1136,1.107979
28.1370,1.066026
28.1605,1.115141
28.1839,1.123149
28.2074,1.138755
28.2310,1.077912
28.2545,1.068015
28.2780,1.112432
28.3016,1.086852
28.3252,1.021714
28.3488,1.055665
28.3725,1.129552
28.3961,1.113149
28.4198,1.094687
28.4435,1.119169
28.4672,1.086815
28.4909,1.176455
28.5147,1.075111
28.5385,1.050766
28.5623,1.087956
28.5861,1.160198
28.6099,1.114213
28.6337,0.980137
28.6576,1.030878
28.6815,1.105990
28.7054,1.088025
28.7293,1.066455
28.7533,1.057947
28.7773,1.116476
28.8013,1.029167
28.8253,0.962922
28.8493,1.055133
28.8734,1.073250
28.8974,1.096519
28.9215,1.045274
28.9456,1.027139
28.9698,1.072746
28.9939,1.127421
29.0181,0.994634
29.0423,0.995111
29.0665,1.084584
29.0907,1.141910
29.1150,1.074950
29.1392,1.008067
29.1635,1.059381
29.1879,1.083379
29.2122,1.065844
29.2365,1.002105
29.2609,1.046218
29.2853,1.103879
29.3097,1.067436
29.3342,1.000014
29.3586,1.056275
29.3831,1.118287
29.4076,1.070866
29.4321,1.065045
29.4566,1.074459
29.4812,1.056740
29.5058,1.075281
29.5304,1.032825
29.5550,1.038317
29.5796,1.065056
29.6043,1.077786
29.6290,0.989347
29.6537,0.939805
29.6784,0.968460
29.7031,0.957585
29.7279,0.927707
29.7527,0.928260
29.7775,1.002946
29.8023,1.003230
29.8272,0.970216
29.8520,0.996819
29.8769,1.022616
29.9018,1.062900
29.9267,1.029224
29.9517,0.973180
29.9767,0.967998
30.0016,0.995032
30.0267,0.973023
30.0517,0.947266
30.0767,0.921921
30.1018,0.962386
30.1269,0.963215
30.1520,0.979337
30.1772,1.005160
30.2023,1.025999
30.2275,1.024430
30.2527,1.005287
30.2779,0.990190
30.3032,1.013981
30.3284,1.056755
30.3537,0.975445
30.3790,0.932390
30.4044,0.961251
30.4297,1.026901
30.4551,1.033951
30.4805,0.932630
30.5059,0.943121
30.5313,1.041705
30.5568,0.988207
30.5822,0.933853
30.6077,0.942091
30.6332,0.975710
30.6588,0.964628
30.6843,0.930883
30.7099,0.975024
30.7355,0.974497
30.7612,1.052369
30.7868,1.037854
30.8125,0.970904
30.8382,1.011211
30.8639,1.043320
30.8896,1.016590
30.9153,0.931175
30.9411,0.925698
30.9669,0.938463
30.9927,0.938008
31.0186,0.823143
31.0444,0.850254
31.0703,0.984033
31.0962,1.055548
31.1221,0.978156
31.1481,0.910325
31.1740,0.962758
31.2000,1.075933
31.2260,0.965325
31.2521,0.907671
31.2781,0.834141
31.3042,0.861041
31.3303,0.943166
31.3564,1.015473
31.3826,1.064518
31.4087,0.907429
31.4349,0.942975
31.4611,0.973726
31.4874,0.972721
31.5136,0.967183
31.5399,1.047711
31.5662,0.997358
31.5925,0.951827
31.6188,0.964849
31.6452,0.931655
31.6716,0.958883
31.6980,0.966091
31.7244,0.968976
31.7508,0.908093
31.7773,0.956996
31.8038,0.937424
31.8303,0.889769
31.8568,0.830542
31.8834,0.819626
31.9100,0.897060
31.9366,0.837552
31.9632,0.930873
31.9899,0.915169
32.0165,0.973418
32.0432,0.937149
32.0699,0.975674
32.0967,0.855969
32.1234,0.859413
32.1502,0.916334
32.1770,0.944223
32.2038,0.904749
32.2307,0.929414
32.2576,0.891501
32.2845,0.901535
32.3114,0.897859
32.3383,0.834047
32.3653,0.871915
32.3923,0.901285
32.4193,0.892957
32.4463,0.863027
32.4733,0.914824
32.5004,0.911076
32.5275,1.012380
32.5546,1.027031
32.5817,0.849751
32.6089,0.844350
32.6361,0.926569
32.6633,0.893385
32.6905,0.854243
32.7178,0.875182
32.7451,0.845781
32.7724,0.843914
32.7997,0.903818
32.8270,0.825534
32.8544,0.884555
32.8818,0.951155
32.9092,0.941714
32.9366,0.854427
32.9641,0.901929
32.9916,0.879904
33.0191,0.946514
33.0466,0.885127
33.0742,0.881996
33.1017,0.855925
33.1293,0.894880
33.1570,1.036872
33.1846,0.952144
33.2123,0.920375
33.2399,0.895632
33.2677,0.859000
33.2954,0.924927
33.3232,0.848543
33.3509,0.784268
33.3787,0.855610
33.4066,0.904288
33.4344,1.006083
33.4623,0.994885
33.4902,0.947417
33.5181,0.966852
33.5461,0.987348
33.5740,0.949832
33.6020,0.844750
33.6300,0.770649
33.6581,0.784718
33.6861,0.771080
33.7142,0.874956
33.7423,0.938168
33.7704,0.908425
33.7986,0.715239
33.8268,1.003996
33.8550,1.130442
33.8832,1.263234
33.9114,0.880968
33.9397,1.035982
33.9680,0.653367
33.9963,0.804862
34.0247,0.785395
34.0530,0.939172
34.0814,0.916263
34.1098,0.900276
34.1383,1.028974
34.1667,0.954904
34.1952,0.910323
34.2237,0.751063
34.2523,0.868606
34.2808,1.122069
34.3094,0.965930
34.3380,0.708162
34.3666,0.730480
34.3953,0.726111
34.4240,0.880420
34.4526,1.060715
34.4814,1.428471
34.5101,1.559088
34.5389,1.043507
34.5677,1.140065
34.5965,0.921244
34.6253,0.864513
34.6542,0.965621
34.6831,0.752884
34.7120,0.801959
34.7410,0.786687
34.7699,0.642021
34.7989,0.837883
34.8279,1.115037
34.8569,1.051107
34.8860,0.965285
34.9151,0.841870
34.9442,0.818751
34.9733,1.037435
35.0025,1.116384
35.0317,1.058429
35.0609,1.195202
35.0901,1.036403
35.1194,0.747934
35.1486,0.799187
35.1779,0.703651
35.2073,0.709173
35.2366,0.837168
35.2660,0.997460
35.2954,0.872595
35.3248,0.741257
35.3543,0.838402
35.3837,0.902424
35.4132,0.901467
35.4428,0.771377
35.4723,0.750209
35.5019,0.811005
35.5315,0.818798
35.5611,0.820509
35.5908,0.752179
35.6204,0.755579
35.6501,0.714695
35.6798,0.842135
35.7096,0.880036
35.7393,0.618911
35.7691,0.721516
35.7990,0.845567
35.8288,1.006476
35.8587,0.953605
35.8886,0.882480
35.9185,0.761450
35.9484,0.668254
35.9784,0.747681
60,0.5055
70,0.390
100,0.225
160,0.100
