## (from tabmap V5.95 (2014-10-19)) 2015-07-08T10:36:32
#---------------------------------------------------------------------------
#-- J/AJ/118/1043 Herbig Ae/Be stars catalog (Herbst+, 1999)
#--------------------------------------------------------------------------
#---Table: J/AJ/118/1043/./other/rz_psc.dat Other stars individual light curves  (22 records)
#-------------------------------------------------------------------------------
#     Label Format Unit  Explanations
#-------------------------------------------------------------------------------
#        JD F9.3   d     Julian date (JD-2440000) (1)
#      Vmag F5.2   mag   V magnitude
#       U-B F5.2   mag   ?=99.99 U-B colour index
#       B-V F5.2   mag   ?=99.99 B-V colour index
#       V-R F5.2   mag   ?=99.99 V-R colour index
#       R-I F5.2   mag   ?=99.99 R-I colour index
#       Ref A2     ---   Reference in refs.dat file
#      Note A1     ---   [*] Note on V-R colour index (2)
#-------------------------------------------------------------------------------
#Note (1): JD may be negative (for dates before 2440000)
#Note (2): *: the V-R magnitudes given were made in the Johnson system
#-------------------------------------------------------------------------------
--------------------------------------------
#         |     |     |     |     |     |  |N
#         |     |     |     |     |     |  |o
#         |     |     |     |     |     | R|t
       JD| Vmag|  U-B|  B-V|  V-R|  R-I|ef|e
---------|-----|-----|-----|-----|-----|--|-
 7499.206|11.68| 0.13| 0.73| 0.59|99.99|86|*
 7505.178|11.62| 0.17| 0.73| 0.58|99.99|86|*
 7736.439|11.63| 0.17| 0.72| 0.58|99.99|86|*
 7737.417|11.61| 0.09| 0.69| 0.58|99.99|86|*
 7739.456|11.78|99.99| 0.71|99.99|99.99|86|*
 7740.429|11.63| 0.20| 0.73| 0.59|99.99|86|*
 7741.417|11.56| 0.10| 0.72| 0.57|99.99|86|*
 7742.412|11.59| 0.09| 0.74| 0.56|99.99|86|*
 7743.402|11.62| 0.22| 0.70| 0.58|99.99|86|*
 7744.395|11.60| 0.16| 0.72| 0.59|99.99|86|*
 7745.369|11.60| 0.19| 0.71| 0.57|99.99|86|*
 7746.390|11.57| 0.13| 0.74| 0.58|99.99|86|*
 7748.406|11.64| 0.13| 0.74| 0.58|99.99|86|*
 7749.410|11.66| 0.18| 0.75| 0.58|99.99|86|*
 7750.387|11.62| 0.13| 0.72| 0.60|99.99|86|*
 7751.359|11.65| 0.15| 0.71|99.99|99.99|86|*
 7752.377|11.67| 0.14| 0.72| 0.59|99.99|86|*
 7753.311|11.59| 0.18| 0.71| 0.55|99.99|86|*
 7755.339|11.60| 0.52| 0.17| 0.56|99.99|86|*
 7756.349|11.58| 0.26| 0.52| 0.58|99.99|86|*
 7757.340|11.54| 0.01| 0.88| 0.59|99.99|86|*
 7758.341|11.56|-0.07| 0.82| 0.57|99.99|86|*
 7759.331|11.63| 0.08| 0.74| 0.61|99.99|86|*
 7763.295|11.62| 0.17| 0.72| 0.58|99.99|86|*
 7764.322|11.67| 0.12| 0.74| 0.57|99.99|86|*
 7765.409|11.64| 0.15| 0.67| 0.58|99.99|86|*
 7766.375|11.66| 0.14| 0.73| 0.59|99.99|86|*
 7770.324|11.62| 0.04| 0.72| 0.58|99.99|86|*
 7771.332|11.62| 0.06| 0.73| 0.58|99.99|86|*
 7772.350|11.62| 0.10| 0.70| 0.59|99.99|86|*
 7773.342|13.79| 0.06| 0.74| 0.59|99.99|86|*
 7773.427|13.70| 0.05| 0.76| 0.65|99.99|86|*
 7773.480|13.60|99.99| 0.87| 0.65|99.99|86|*
 7774.199|12.45|99.99| 0.83|99.99|99.99|86|*
 7774.346|12.08| 0.21| 0.81| 0.64|99.99|86|*
 7774.485|11.90|99.99| 0.77| 0.62|99.99|86|*
 7775.359|11.64| 0.15| 0.73| 0.58|99.99|86|*
 7776.343|11.61| 0.10| 0.73| 0.56|99.99|86|*
 7777.328|11.62| 0.10| 0.73| 0.58|99.99|86|*
 7778.289|11.62| 0.17| 0.71| 0.58|99.99|86|*
 7778.319|11.69|99.99| 0.71| 0.58|99.99|86|*
 7779.313|11.62| 0.12| 0.70| 0.60|99.99|86|*
 7780.307|11.56| 0.08| 0.73| 0.56|99.99|86|*
 7781.350|11.65|99.99| 0.69| 0.60|99.99|86|*
 7783.349|11.59|99.99| 0.71|99.99|99.99|86|*
 7784.313|11.57|99.99| 0.73|99.99|99.99|86|*
 7785.332|11.64|99.99| 0.71|99.99|99.99|86|*
 7786.361|11.74|99.99| 0.73|99.99|99.99|86|*
 7787.295|11.61|99.99| 0.71| 0.60|99.99|86|*
 7788.343|11.64|99.99| 0.72| 0.55|99.99|86|*
 7789.284|11.89|99.99| 0.80| 0.63|99.99|86|*
 7791.352|11.75|99.99| 0.76| 0.57|99.99|86|*
 7794.279|11.65|99.99| 0.74| 0.57|99.99|86|*
 7800.312|11.66|99.99| 0.74| 0.60|99.99|86|*
 7800.317|12.01|99.99| 1.00| 0.77|99.99|86|*
 7806.368|11.60| 0.16| 0.71| 0.60|99.99|86|*
 7807.362|11.64| 0.10| 0.74| 0.58|99.99|86|*
 7808.367|11.68|99.99| 0.71| 0.59|99.99|86|*
 7817.381|11.65| 0.13| 0.74| 0.61|99.99|86|*
 7818.381|11.71|99.99| 0.69| 0.62|99.99|86|*
 7826.280|11.84|99.99| 0.85| 0.67|99.99|86|*
 7828.280|11.69|99.99| 0.74| 0.56|99.99|86|*
 7832.337|11.87| 0.17| 0.76| 0.59|99.99|86|*
 7833.326|11.63| 0.22| 0.76| 0.59|99.99|86|*
 7835.284|11.79| 0.32| 0.80| 0.65|99.99|86|*
 7843.268|11.85|99.99| 0.82| 0.62|99.99|86|*
 7844.326|11.96|99.99| 0.70| 0.42|99.99|86|*
 7850.288|11.66| 0.17| 0.72| 0.61|99.99|86|*
 7860.174|11.60| 0.16| 0.69| 0.58|99.99|86|*
 7868.223|11.65|99.99| 0.73| 0.60|99.99|86|*
 7873.191|11.73|99.99| 0.73| 0.58|99.99|86|*
 7881.164|11.75| 0.23| 0.74| 0.63|99.99|86|*
 7887.173|11.63| 0.17| 0.72| 0.57|99.99|86|*
 8096.436|11.64| 0.12| 0.72| 0.57|99.99|86|*
 8097.451|11.65| 0.17| 0.72| 0.57|99.99|86|*
 8099.422|11.62| 0.12| 0.72| 0.58|99.99|86|*
 8101.425|11.63| 0.21| 0.71| 0.58|99.99|86|*
 8108.469|11.60|99.99| 0.72|99.99|99.99|86|*
 8109.459|11.64|99.99| 0.76| 0.60|99.99|86|*
 8111.439|11.61| 0.20| 0.73| 0.58|99.99|86|*
 8112.434|11.58| 0.18| 0.74| 0.56|99.99|86|*
 8113.449|11.68| 0.15| 0.75| 0.57|99.99|86|*
 8114.448|11.67| 0.22| 0.73| 0.62|99.99|86|*
 8117.468|11.62|99.99| 0.58| 0.49|99.99|86|*
 8119.455|11.75| 0.18| 0.81| 0.64|99.99|86|*
 8120.463|11.91|99.99| 0.85| 0.68|99.99|86|*
 8121.461|11.76|99.99| 0.77| 0.67|99.99|86|*
 8121.465|11.74|99.99| 0.80| 0.64|99.99|86|*
 8122.467|11.71|99.99| 0.78| 0.65|99.99|86|*
 8123.444|11.73|99.99| 0.74| 0.62|99.99|86|*
 8126.456|11.67|99.99| 0.77| 0.63|99.99|86|*
 8127.454|11.72|99.99| 0.77| 0.59|99.99|86|*
 8128.457|11.77|99.99| 0.84| 0.65|99.99|86|*
 8129.443|11.79|99.99| 0.78| 0.64|99.99|86|*
 8130.449|11.97|99.99| 0.85|99.99|99.99|86|*
 8135.440|11.67| 0.15| 0.72| 0.62|99.99|86|*
 8136.440|11.60|99.99| 0.71| 0.59|99.99|86|*
 8139.438|11.64|99.99| 0.75| 0.56|99.99|86|*
 8140.430|11.63| 0.16| 0.74| 0.57|99.99|86|*
 8143.434|11.63|99.99| 0.76| 0.62|99.99|86|*
 8144.425|11.61| 0.12| 0.77| 0.60|99.99|86|*
 8145.457|11.76| 0.16| 0.75| 0.64|99.99|86|*
 8146.428|11.73|99.99| 0.73| 0.62|99.99|86|*
 8147.437|11.67| 0.18| 0.72| 0.60|99.99|86|*
 8148.428|11.71|99.99| 0.76| 0.60|99.99|86|*
 8149.438|11.72|99.99| 0.74|99.99|99.99|86|*
 8150.425|11.70| 0.15| 0.74| 0.61|99.99|86|*
 8151.434|11.66|99.99| 0.71| 0.59|99.99|86|*
 8152.404|11.69|99.99| 0.73| 0.61|99.99|86|*
 8153.396|11.86|99.99| 0.80| 0.62|99.99|86|*
 8154.425|11.64| 0.17| 0.74| 0.58|99.99|86|*
 8155.413|11.64|99.99| 0.72| 0.59|99.99|86|*
 8156.419|11.84|99.99| 0.79| 0.63|99.99|86|*
 8157.426|11.67|99.99| 0.75| 0.60|99.99|86|*
 8158.433|11.69|99.99| 0.75| 0.60|99.99|86|*
 8159.425|11.73|99.99| 0.73| 0.61|99.99|86|*
 8160.417|11.72|99.99| 0.81| 0.62|99.99|86|*
 8161.415|11.88|99.99| 0.87| 0.68|99.99|86|*
 8162.423|11.70|99.99| 0.70| 0.63|99.99|86|*
 8163.394|11.65| 0.13| 0.72| 0.55|99.99|86|*
 8172.302|11.78|99.99| 0.63| 0.69|99.99|86|*
 8174.281|11.79|99.99| 0.81| 0.63|99.99|86|*
 8175.313|11.60|99.99| 0.74| 0.56|99.99|86|*
 8177.309|11.71| 0.22| 0.74| 0.60|99.99|86|*
 8178.265|11.72| 0.20| 0.75| 0.63|99.99|86|*
 8181.305|11.77|99.99| 0.79| 0.66|99.99|86|*
 8182.264|11.62| 0.12| 0.74| 0.58|99.99|86|*
 8184.274|11.63| 0.20| 0.76| 0.59|99.99|86|*
 8185.272|11.70| 0.14| 0.73| 0.60|99.99|86|*
 8186.300|12.12| 0.11| 0.73| 0.61|99.99|86|*
 8189.300|11.69| 0.15| 0.79| 0.57|99.99|86|*
 8190.298|11.66| 0.12| 0.74| 0.57|99.99|86|*
 8200.241|11.86| 0.00| 0.78| 0.64|99.99|86|*
 8201.214|12.31| 0.30| 0.90| 0.76|99.99|86|*
 8201.278|12.11|99.99| 0.87| 0.71|99.99|86|*
 8202.195|11.70| 0.20| 0.78| 0.58|99.99|86|*
 8202.282|11.69|99.99| 0.77| 0.62|99.99|86|*
 8203.283|11.79|99.99| 0.85| 0.64|99.99|86|*
 8204.247|11.76| 0.19| 0.78| 0.65|99.99|86|*
 8206.219|11.68| 0.16| 0.74| 0.57|99.99|86|*
 8211.204|11.53|99.99| 0.74|99.99|99.99|86|*
 8213.292|11.62| 0.10| 0.73| 0.57|99.99|86|*
 8215.257|11.87| 0.13| 0.73| 0.60|99.99|86|*
 8216.187|12.04|99.99| 0.82| 0.65|99.99|86|*
 8217.146|11.97| 0.33| 0.84| 0.68|99.99|86|*
 8217.260|12.03|99.99| 0.86| 0.71|99.99|86|*
 8218.235|11.73| 0.17| 0.76| 0.62|99.99|86|*
 8220.161|11.62| 0.14| 0.73| 0.60|99.99|86|*
 8221.199|11.63|99.99| 0.79| 0.58|99.99|86|*
 8224.161|11.64|99.99| 0.77| 0.58|99.99|86|*
 8227.206|11.77|99.99| 0.79| 0.63|99.99|86|*
 8228.165|11.78|99.99| 0.78| 0.63|99.99|86|*
 8229.163|11.68|99.99| 0.73| 0.59|99.99|86|*
 8230.151|11.69|99.99| 0.74| 0.59|99.99|86|*
 8234.257|11.68|99.99| 0.71| 0.58|99.99|86|*
 8241.239|11.65|99.99| 0.71| 0.56|99.99|86|*
 8255.245|11.61|99.99| 0.73| 0.58|99.99|86|*
 8256.216|11.65|99.99| 0.77| 0.59|99.99|86|*
 8258.218|11.88|99.99| 0.94| 0.70|99.99|86|*
 8259.211|11.78|99.99| 0.82| 0.65|99.99|86|*
 8263.243|11.68| 0.22| 0.80| 0.59|99.99|86|*
 8269.216|11.64| 0.18| 0.70| 0.56|99.99|86|*
 8270.196|11.62| 0.12| 0.72| 0.57|99.99|86|*
 8271.199|11.59|99.99| 0.72| 0.56|99.99|86|*
 8445.464|11.65|99.99| 0.73|99.99|99.99|86|*
 8448.455|11.62|99.99| 0.72| 0.55|99.99|86|*
 8448.460|11.80|99.99| 2.64| 0.70|99.99|86|*
 8449.434|11.64| 0.15| 0.77| 0.56|99.99|86|*
 8449.453|11.62|99.99| 0.73| 0.62|99.99|86|*
 8453.433|11.63| 0.14| 0.73| 0.57|99.99|86|*
 8453.462|11.67|99.99| 0.68|99.99|99.99|86|*
 8456.461|11.68|99.99| 0.69| 0.62|99.99|86|*
 8457.441|11.62| 0.17| 0.77| 0.56|99.99|86|*
 8457.457|11.63| 0.14| 0.75| 0.59|99.99|86|*
 8458.444|11.63| 0.21| 0.79| 0.59|99.99|86|*
 8458.465|11.59|99.99| 0.74| 0.55|99.99|86|*
 8459.406|11.64| 0.09| 0.73| 0.59|99.99|86|*
 8460.407|11.71| 0.15| 0.76| 0.59|99.99|86|*
 8460.461|11.72|99.99| 0.71| 0.59|99.99|86|*
 8461.411|11.75|99.99| 0.75| 0.62|99.99|86|*
 8461.452|11.78|99.99| 0.76| 0.62|99.99|86|*
 8462.466|11.69|99.99| 0.77| 0.60|99.99|86|*
 8463.409|11.87|99.99| 0.78| 0.68|99.99|86|*
 8463.460|11.93|99.99| 0.85| 0.66|99.99|86|*
 8464.322|11.55|99.99| 0.61| 0.54|99.99|86|*
 8464.406|11.70|99.99| 0.71| 0.64|99.99|86|*
 8464.470|11.76|99.99| 0.79| 0.63|99.99|86|*
 8465.405|11.70|99.99| 0.68| 0.64|99.99|86|*
 8465.469|11.70|99.99| 0.72| 0.62|99.99|86|*
 8466.392|11.64|99.99| 0.78| 0.55|99.99|86|*
 8466.477|11.65|99.99| 0.77| 0.57|99.99|86|*
 8467.368|11.61|99.99| 0.74| 0.54|99.99|86|*
 8467.454|11.66| 0.16| 0.74| 0.58|99.99|86|*
 8477.461|11.65| 0.19| 0.72| 0.62|99.99|86|*
 8478.440|11.60| 0.15| 0.74| 0.58|99.99|86|*
 8479.477|11.63| 0.32| 0.74| 0.54|99.99|86|*
 8480.472|11.65| 0.14| 0.74| 0.57|99.99|86|*
 8482.438|11.63| 0.14| 0.73| 0.62|99.99|86|*
 8484.484|11.73|99.99| 0.78| 0.62|99.99|86|*
 8485.425|11.65| 0.20| 0.76| 0.59|99.99|86|*
 8486.438|11.70| 0.19| 0.76| 0.59|99.99|86|*
 8487.449|11.77| 0.16| 0.79| 0.62|99.99|86|*
 8489.408|11.68| 0.16| 0.72| 0.60|99.99|86|*
 8490.428|11.70| 0.16| 0.74| 0.59|99.99|86|*
 8491.387|11.71| 0.15| 0.70| 0.61|99.99|86|*
 8493.343|11.64|99.99| 0.73| 0.58|99.99|86|*
 8494.394|11.69|99.99| 0.76| 0.58|99.99|86|*
 8498.406|11.68|99.99| 0.74| 0.58|99.99|86|*
 8499.387|11.70|99.99| 0.76| 0.62|99.99|86|*
 8503.342|11.69| 0.20| 0.74| 0.65|99.99|86|*
 8503.369|11.68|99.99| 0.74| 0.62|99.99|86|*
 8504.400|11.64|99.99| 0.74| 0.60|99.99|86|*
 8505.430|11.68|99.99| 0.72| 0.58|99.99|86|*
 8506.439|11.66|99.99| 0.72|99.99|99.99|86|*
 8507.423|11.62|99.99| 0.70|99.99|99.99|86|*
 8508.400|11.64|99.99| 0.71| 0.61|99.99|86|*
 8509.429|11.73|99.99| 0.78|99.99|99.99|86|*
 8510.419|11.65|99.99| 0.69| 0.59|99.99|86|*
 8511.426|11.61|99.99| 0.70| 0.55|99.99|86|*
 8512.427|11.62|99.99| 0.70| 0.56|99.99|86|*
 8513.429|11.63|99.99| 0.71|99.99|99.99|86|*
 8514.424|11.62|99.99| 0.71|99.99|99.99|86|*
 8515.421|11.60|99.99| 0.73| 0.57|99.99|86|*
 8516.423|11.70| 0.16| 0.72| 0.58|99.99|86|*
 8517.418|11.64|99.99| 0.72| 0.61|99.99|86|*
 8518.427|11.83|99.99| 0.72|99.99|99.99|86|*
 8520.409|11.93|99.99| 0.85| 0.69|99.99|86|*
 8520.448|11.96|99.99| 0.84| 0.72|99.99|86|*
 8520.497|11.96| 0.37| 0.89| 0.73|99.99|86|*
 8521.317|11.92|99.99| 0.78| 0.70|99.99|86|*
 8521.382|11.81|99.99| 0.81| 0.64|99.99|86|*
 8522.326|11.64|99.99| 0.73| 0.55|99.99|86|*
 8523.350|11.59|99.99| 0.74| 0.59|99.99|86|*
 8533.370|11.65| 0.15| 0.72| 0.58|99.99|86|*
 8537.332|11.60| 0.14| 0.72| 0.57|99.99|86|*
 8541.413|11.70| 0.16| 0.79| 0.58|99.99|86|*
 8542.277|12.06| 0.25| 0.80| 0.67|99.99|86|*
 8542.313|12.03| 0.19| 0.80| 0.66|99.99|86|*
 8542.354|12.01| 0.24| 0.80| 0.67|99.99|86|*
 8542.390|12.01| 0.24| 0.77| 0.69|99.99|86|*
 8542.430|11.96| 0.20| 0.80| 0.64|99.99|86|*
 8542.469|11.94| 0.22| 0.78| 0.65|99.99|86|*
 8543.200|11.77|99.99| 0.75| 0.62|99.99|86|*
 8544.375|11.87|99.99| 0.78| 0.62|99.99|86|*
 8546.403|11.80|99.99| 0.76| 0.63|99.99|86|*
 8548.327|11.38| 0.37| 1.00| 0.66|99.99|86|*
 8549.306|11.72| 0.23| 0.71| 0.61|99.99|86|*
 8555.355|11.70| 0.27| 0.76| 0.61|99.99|86|*
 8556.311|11.77|99.99| 0.81| 0.61|99.99|86|*
 8557.281|11.84|99.99| 0.78| 0.61|99.99|86|*
 8558.287|11.47| 0.41| 0.73| 0.61|99.99|86|*
 8559.302|11.67|99.99| 0.75| 0.58|99.99|86|*
 8560.281|11.70|99.99| 0.75| 0.62|99.99|86|*
 8562.366|11.64| 0.15| 0.74| 0.62|99.99|86|*
 8567.277|11.67|99.99| 0.76| 0.63|99.99|86|*
 8570.363|12.58| 0.54| 0.88| 0.59|99.99|86|*
 8585.347|11.67|99.99| 0.72| 0.60|99.99|86|*
 8586.258|11.65|99.99| 0.73| 0.58|99.99|86|*
 8816.410|11.61| 0.14| 0.70| 0.58|99.99|86|*
 8820.431|11.65|99.99| 0.78| 0.56|99.99|86|*
 8820.441|11.69| 0.23| 0.74| 0.61|99.99|86|*
 8821.453|11.71|99.99| 0.73| 0.62|99.99|86|*
 8822.361|11.69| 0.22| 0.69| 0.61|99.99|86|*
 8822.376|11.70| 0.20| 0.74| 0.58|99.99|86|*
 8822.388|11.71| 0.14| 0.72| 0.59|99.99|86|*
 8822.411|11.71| 0.14| 0.71| 0.62|99.99|86|*
 8822.417|11.72|99.99| 0.75| 0.61|99.99|86|*
 8822.421|11.70| 0.14| 0.71| 0.62|99.99|86|*
 8823.460|11.61| 0.10| 0.73| 0.56|99.99|86|*
 8824.446|11.62| 0.12| 0.70| 0.56|99.99|86|*
 8828.441|11.66| 0.13| 0.74| 0.61|99.99|86|*
 8830.471|11.64|99.99| 0.74| 0.58|99.99|86|*
 8831.455|11.86| 0.27| 0.81| 0.67|99.99|86|*
 8832.453|11.70| 0.17| 0.74| 0.63|99.99|86|*
 8833.456|13.15| 0.11| 0.83|99.99|99.99|86|*
 8834.464|11.99| 0.19| 0.79| 0.65|99.99|86|*
 8836.468|11.74| 0.17| 0.77| 0.64|99.99|86|*
 8843.462|11.84| 0.14| 0.73| 0.61|99.99|86|*
 8844.395|11.73| 0.10| 0.73| 0.58|99.99|86|*
 8845.403|11.68| 0.08| 0.74| 0.60|99.99|86|*
 8846.396|11.75| 0.23| 0.73| 0.64|99.99|86|*
 8848.340|11.76| 0.21| 0.74| 0.60|99.99|86|*
 8854.496|11.70|99.99| 0.77|99.99|99.99|86|*
 8855.482|11.64|99.99| 0.77| 0.56|99.99|86|*
 8856.481|11.69| 0.19| 0.72| 0.60|99.99|86|*
 8857.438|11.71|99.99| 0.74| 0.63|99.99|86|*
 8859.462|11.82|99.99| 0.83|99.99|99.99|86|*
 8862.443|11.76|99.99| 0.74| 0.62|99.99|86|*
 8863.426|11.71|99.99| 0.74| 0.59|99.99|86|*
 8871.441|11.79|99.99| 0.77| 0.63|99.99|86|*
 8872.429|11.70|99.99| 0.74| 0.60|99.99|86|*
 8873.427|11.74|99.99| 0.75| 0.63|99.99|86|*
 8874.432|11.65|99.99| 0.77| 0.59|99.99|86|*
 8875.456|11.74|99.99| 0.70| 0.60|99.99|86|*
 8876.435|11.64|99.99| 0.69| 0.59|99.99|86|*
 8877.465|11.64|99.99| 0.73| 0.60|99.99|86|*
 8878.425|11.66|99.99| 0.76| 0.57|99.99|86|*
 8880.428|11.37|99.99| 0.94| 0.32|99.99|86|*
 8882.427|11.68|99.99| 0.68| 0.62|99.99|86|*
 8883.417|11.96|99.99| 0.76| 0.62|99.99|86|*
 8883.426|12.00| 0.16| 0.72| 0.64|99.99|86|*
 8883.438|11.99| 0.14| 0.75| 0.64|99.99|86|*
 8883.445|11.99| 0.17| 0.78| 0.63|99.99|86|*
 8883.482|11.99| 0.18| 0.80| 0.62|99.99|86|*
 8888.386|11.74|99.99| 0.76| 0.62|99.99|86|*
 8890.394|11.66| 0.11| 0.76| 0.59|99.99|86|*
 8891.464|11.86|99.99| 0.78| 0.68|99.99|86|*
 8891.501|11.89| 0.23| 0.82| 0.64|99.99|86|*
 8891.519|11.90|99.99| 0.82| 0.67|99.99|86|*
 8893.372|11.58|99.99| 0.71| 0.58|99.99|86|*
 8899.384|11.71| 0.17| 0.74| 0.61|99.99|86|*
 8900.282|11.62| 0.17| 0.72| 0.58|99.99|86|*
 8901.307|11.62| 0.09| 0.73| 0.59|99.99|86|*
 8905.306|11.66| 0.09| 0.71| 0.60|99.99|86|*
 8906.265|11.70| 0.12| 0.70| 0.60|99.99|86|*
 8910.405|11.61| 0.10| 0.73| 0.53|99.99|86|*
 8911.369|11.60| 0.11| 0.72| 0.56|99.99|86|*
 8914.287|11.59| 0.12| 0.73| 0.56|99.99|86|*
 8915.286|11.78| 0.23| 0.66| 0.62|99.99|86|*
 8923.275|11.64| 0.14| 0.72| 0.58|99.99|86|*
 8924.266|11.65| 0.15| 0.74| 0.58|99.99|86|*
 8926.285|11.68| 0.27| 0.78| 0.62|99.99|86|*
 8927.268|11.69| 0.23| 0.77| 0.62|99.99|86|*
 8931.290|12.69| 0.32| 0.92| 0.83|99.99|86|*
 8931.305|12.63| 0.34| 0.92| 0.81|99.99|86|*
 8931.309|12.62| 0.29| 0.94| 0.81|99.99|86|*
 8931.336|12.53| 0.31| 0.90| 0.81|99.99|86|*
 8931.340|12.53| 0.36| 0.89| 0.80|99.99|86|*
 8931.344|12.53| 0.29| 0.90| 0.81|99.99|86|*
 8931.404|12.47| 0.28| 0.89| 0.78|99.99|86|*
 8931.410|12.48| 0.34| 0.91| 0.78|99.99|86|*
 8931.414|12.50| 0.37| 0.87| 0.79|99.99|86|*
 8931.472|12.59| 0.12| 0.89| 0.76|99.99|86|*
 8931.476|12.61| 0.34| 0.87| 0.75|99.99|86|*
 8932.115|11.95|99.99| 0.83| 0.69|99.99|86|*
 8932.210|11.87|99.99| 0.82| 0.69|99.99|86|*
 8932.300|11.87|99.99| 0.82| 0.68|99.99|86|*
 8932.425|11.89|99.99| 0.78| 0.72|99.99|86|*
 8933.132|11.84| 0.25| 0.86| 0.67|99.99|86|*
 8933.219|11.96| 0.34| 0.85| 0.74|99.99|86|*
 8933.228|11.94| 0.30| 0.89| 0.70|99.99|86|*
 8933.287|12.04| 0.39| 0.91| 0.73|99.99|86|*
 8933.295|12.04| 0.35| 0.91| 0.74|99.99|86|*
 8933.380|12.04|99.99| 0.91| 0.77|99.99|86|*
 8934.092|11.78| 0.35| 0.93| 0.65|99.99|86|*
 8938.099|11.67| 0.17| 0.77| 0.59|99.99|86|*
 8938.145|11.76| 0.12| 0.73| 0.58|99.99|86|*
 8938.220|11.69| 0.22| 0.76| 0.64|99.99|86|*
 8938.270|11.69| 0.15| 0.76| 0.63|99.99|86|*
 8938.316|11.68| 0.17| 0.80| 0.59|99.99|86|*
 8938.393|11.67| 0.25| 0.75| 0.58|99.99|86|*
 8938.396|11.67| 0.20| 0.76| 0.56|99.99|86|*
 8948.102|11.79| 0.26| 0.87| 0.62|99.99|86|*
 8948.261|11.82| 0.27| 0.83| 0.63|99.99|86|*
 8951.113|11.80| 0.25| 0.78| 0.65|99.99|86|*
 8951.267|11.78| 0.23| 0.80| 0.63|99.99|86|*
 8952.090|11.82| 0.28| 0.80| 0.59|99.99|86|*
 8952.116|11.89| 0.11| 0.82| 0.62|99.99|86|*
 8954.127|11.68| 0.15| 0.74| 0.62|99.99|86|*
 9164.442|11.64|99.99| 0.71| 0.56|99.99|86|*
 9170.449|11.63|99.99| 0.70| 0.59|99.99|86|*
 9171.444|11.63|99.99| 0.72| 0.60|99.99|86|*
 9172.415|11.57| 0.13| 0.73| 0.55|99.99|86|*
 9173.430|11.56| 0.07| 0.74| 0.56|99.99|86|*
 9181.450|11.80|99.99| 0.72| 0.60|99.99|86|*
 9185.444|11.66| 0.18| 0.72| 0.58|99.99|86|*
 9188.433|11.67| 0.14| 0.69| 0.60|99.99|86|*
 9190.427|11.61| 0.12| 0.69| 0.59|99.99|86|*
 9193.439|12.13| 0.11| 0.73| 0.59|99.99|86|*
 9194.308|11.64| 0.09| 0.70| 0.60|99.99|86|*
 9194.443|11.60| 0.11| 0.72| 0.56|99.99|86|*
 9195.433|11.66| 0.10| 0.72| 0.59|99.99|86|*
 9196.460|11.69|99.99| 0.71| 0.61|99.99|86|*
 9197.459|11.64|99.99| 0.72| 0.57|99.99|86|*
 9198.459|11.65|99.99| 0.71| 0.59|99.99|86|*
 9199.475|11.72|99.99| 0.72| 0.60|99.99|86|*
 9201.461|11.63| 0.18| 0.72| 0.55|99.99|86|*
 9202.427|11.71|99.99| 0.72| 0.60|99.99|86|*
 9203.441|11.73|99.99| 0.72| 0.62|99.99|86|*
 9204.440|11.63| 0.14| 0.71| 0.55|99.99|86|*
 9205.438|11.62| 0.15| 0.71| 0.58|99.99|86|*
 9206.442|11.69|99.99| 0.76| 0.62|99.99|86|*
 9207.445|11.64|99.99| 0.73| 0.58|99.99|86|*
 9210.407|11.68|99.99| 0.75| 0.59|99.99|86|*
 9211.438|11.91|99.99| 0.81| 0.66|99.99|86|*
 9212.440|11.64|99.99| 0.74| 0.59|99.99|86|*
 9219.434|11.67|99.99| 0.76| 0.59|99.99|86|*
 9220.404|11.68| 0.17| 0.73| 0.57|99.99|86|*
 9221.420|11.69|99.99| 0.72| 0.59|99.99|86|*
 9222.396|11.65|99.99| 0.73| 0.58|99.99|86|*
 9224.408|11.69|99.99| 0.73| 0.60|99.99|86|*
 9225.397|11.65|99.99| 0.71| 0.58|99.99|86|*
 9226.391|11.61|99.99| 0.71| 0.55|99.99|86|*
 9227.392|11.65|99.99| 0.72| 0.56|99.99|86|*
 9228.404|11.62|99.99| 0.73| 0.57|99.99|86|*
 9229.409|11.65|99.99| 0.70| 0.59|99.99|86|*
 9230.384|11.63|99.99| 0.72| 0.59|99.99|86|*
 9231.392|12.29|99.99| 0.98| 0.81|99.99|86|*
 9232.416|11.61|99.99| 0.70| 0.57|99.99|86|*
 9233.389|11.61|99.99| 0.74| 0.56|99.99|86|*
 9234.399|11.67|99.99| 0.71| 0.61|99.99|86|*
 9235.399|11.66|99.99| 0.68| 0.64|99.99|86|*
 9236.396|11.66|99.99| 0.73| 0.61|99.99|86|*
 9237.388|11.64|99.99| 0.71| 0.56|99.99|86|*
 9238.390|11.71|99.99| 0.76| 0.61|99.99|86|*
 9239.434|12.33|99.99| 0.74| 0.66|99.99|86|*
 9240.385|11.84| 0.16| 0.78| 0.64|99.99|86|*
 9240.451|11.83|99.99| 0.74| 0.65|99.99|86|*
 9241.391|11.73|99.99| 0.74| 0.57|99.99|86|*
 9242.420|11.70|99.99| 0.70| 0.61|99.99|86|*
 9243.386|11.71|99.99| 0.73| 0.57|99.99|86|*
 9244.369|11.68| 0.14| 0.72| 0.59|99.99|86|*
 9247.393|11.78| 0.22| 0.81| 0.65|99.99|86|*
 9247.471|11.80| 0.27| 0.82| 0.65|99.99|86|*
 9248.162|11.95| 0.51| 0.91| 0.72|99.99|86|*
 9248.220|11.94| 0.42| 0.89| 0.71|99.99|86|*
 9248.297|11.92| 0.37| 0.90| 0.70|99.99|86|*
 9248.375|11.92| 0.38| 0.91| 0.69|99.99|86|*
 9248.453|11.90| 0.35| 0.88| 0.67|99.99|86|*
 9249.165|12.26| 0.51| 1.02| 0.79|99.99|86|*
 9249.226|12.28| 0.47| 1.01| 0.81|99.99|86|*
 9249.285|12.29| 0.54| 1.01| 0.87|99.99|86|*
 9249.366|12.32| 0.45| 1.02| 0.86|99.99|86|*
 9249.494|12.18| 0.44| 0.99| 0.80|99.99|86|*
 9250.162|12.00| 0.37| 0.88| 0.71|99.99|86|*
 9250.295|11.98| 0.28| 0.84| 0.69|99.99|86|*
 9250.470|11.98| 0.30| 0.84| 0.67|99.99|86|*
 9251.155|11.88| 0.30| 0.83| 0.65|99.99|86|*
 9251.282|11.85| 0.23| 0.84| 0.66|99.99|86|*
 9251.491|11.85| 0.29| 0.79| 0.66|99.99|86|*
 9252.233|11.83| 0.22| 0.79| 0.64|99.99|86|*
 9252.494|11.84| 0.27| 0.78| 0.64|99.99|86|*
 9254.197|11.71| 0.20| 0.77| 0.58|99.99|86|*
 9254.491|11.69| 0.15| 0.73| 0.58|99.99|86|*
 9255.264|11.71| 0.19| 0.72| 0.62|99.99|86|*
 9259.206|11.75| 0.15| 0.73| 0.60|99.99|86|*
 9259.337|11.72| 0.16| 0.74| 0.60|99.99|86|*
 9260.185|11.78| 0.22| 0.76| 0.65|99.99|86|*
 9260.269|11.75| 0.25| 0.80| 0.62|99.99|86|*
 9260.404|11.73| 0.22| 0.75| 0.62|99.99|86|*
 9262.383|11.64|99.99| 0.74| 0.52|99.99|86|*
 9263.214|11.65| 0.13| 0.74| 0.60|99.99|86|*
 9264.212|11.65| 0.12| 0.72| 0.56|99.99|86|*
 9269.416|11.66| 0.16| 0.71| 0.57|99.99|86|*
 9271.187|11.64| 0.15| 0.71| 0.58|99.99|86|*
 9272.163|11.64| 0.10| 0.71| 0.59|99.99|86|*
 9275.183|11.67| 0.13| 0.74| 0.56|99.99|86|*
 9277.159|11.65| 0.12| 0.73| 0.58|99.99|86|*
 9298.335|11.70|99.99| 0.70| 0.57|99.99|86|*
 9563.466|11.62|99.99| 0.77| 0.54|99.99|86|*
 9567.426|11.66| 0.17| 0.72| 0.58|99.99|86|*
 9568.423|11.70| 0.13| 0.73| 0.59|99.99|86|*
 9569.451|11.74|99.99| 0.71| 0.59|99.99|86|*
 9572.448|11.70|99.99| 0.73| 0.58|99.99|86|*
 9573.447|11.76|99.99| 0.69| 0.58|99.99|86|*
 9574.453|12.30|99.99| 0.92| 0.73|99.99|86|*
 9575.441|12.21|99.99| 0.97| 0.78|99.99|86|*
 9576.385|11.75|99.99| 0.73| 0.62|99.99|86|*
 9579.422|11.75| 0.18| 0.78| 0.60|99.99|86|*
 9580.333|11.73| 0.10| 0.74| 0.57|99.99|86|*
 9581.310|11.73| 0.15| 0.72| 0.61|99.99|86|*
 9582.348|11.66|99.99| 0.73| 0.59|99.99|86|*
 9583.345|11.69|99.99| 0.76| 0.57|99.99|86|*
 9585.371|11.71|99.99| 0.74| 0.59|99.99|86|*
 9586.255|11.66|99.99| 0.70| 0.58|99.99|86|*
 9587.422|11.72|99.99| 0.71| 0.61|99.99|86|*
 9588.408|11.74|99.99| 0.73| 0.60|99.99|86|*
 9590.473|11.65|99.99| 0.71| 0.60|99.99|86|*
 9591.219|11.67|99.99| 0.71| 0.57|99.99|86|*
 9592.284|11.70|99.99| 0.72| 0.59|99.99|86|*
 9593.280|11.65| 0.11| 0.72| 0.57|99.99|86|*
 9594.321|11.65| 0.13| 0.70| 0.57|99.99|86|*
 9595.411|11.77| 0.12| 0.72| 0.61|99.99|86|*
 9595.460|11.77| 0.13| 0.72| 0.60|99.99|86|*
 9595.470|11.76| 0.12| 0.73| 0.58|99.99|86|*
 9596.233|11.72| 0.12| 0.72| 0.57|99.99|86|*
 9596.371|11.71| 0.14| 0.71| 0.59|99.99|86|*
 9597.280|11.71| 0.14| 0.69| 0.60|99.99|86|*
 9598.318|11.64| 0.12| 0.70| 0.58|99.99|86|*
 9599.311|11.71| 0.13| 0.71| 0.59|99.99|86|*
 9602.262|11.66| 0.17| 0.71| 0.57|99.99|86|*
 9603.250|11.72| 0.10| 0.71| 0.58|99.99|86|*
 9604.248|11.70| 0.16| 0.72| 0.58|99.99|86|*
 9605.263|11.62| 0.14| 0.71| 0.59|99.99|86|*
 9606.256|11.67| 0.12| 0.71| 0.56|99.99|86|*
 9607.275|11.69| 0.08| 0.75| 0.56|99.99|86|*
 9608.235|11.67|99.99| 0.73| 0.57|99.99|86|*
 9609.247|11.62| 0.14| 0.72| 0.57|99.99|86|*
 9610.362|11.71|99.99| 0.71| 0.59|99.99|86|*
 9612.326|11.66|99.99| 0.72| 0.58|99.99|86|*
 9617.324|11.62|99.99| 0.74| 0.56|99.99|86|*
 9618.398|11.69|99.99| 0.75| 0.59|99.99|86|*
 9619.228|11.67|99.99| 0.71| 0.58|99.99|86|*
 9620.228|11.66|99.99| 0.70| 0.59|99.99|86|*
 9621.254|11.70|99.99| 0.67| 0.61|99.99|86|*
 9622.209|11.76| 0.18| 0.76| 0.61|99.99|86|*
 9622.221|11.74|99.99| 0.77| 0.59|99.99|86|*
 9622.244|11.74|99.99| 0.78| 0.59|99.99|86|*
 9622.250|11.77|99.99| 0.74| 0.61|99.99|86|*
 9622.314|11.76| 0.17| 0.77| 0.60|99.99|86|*
 9622.321|11.75|99.99| 0.79| 0.60|99.99|86|*
 9622.395|11.81| 0.22| 0.78| 0.64|99.99|86|*
 9622.402|11.80|99.99| 0.78| 0.63|99.99|86|*
 9622.483|11.77| 0.23| 0.80| 0.61|99.99|86|*
 9622.490|11.79|99.99| 0.80| 0.60|99.99|86|*
 9623.190|11.85| 0.29| 0.85| 0.65|99.99|86|*
 9623.306|11.79| 0.23| 0.77| 0.62|99.99|86|*
 9623.497|11.72|99.99| 0.76| 0.59|99.99|86|*
 9624.217|11.78| 0.15| 0.75| 0.65|99.99|86|*
 9624.320|11.78| 0.23| 0.76| 0.62|99.99|86|*
 9625.188|11.77| 0.20| 0.80| 0.63|99.99|86|*
 9625.293|11.77| 0.26| 0.78| 0.60|99.99|86|*
 9631.368|11.66|99.99| 0.74| 0.60|99.99|86|*
 9632.389|11.66|99.99| 0.74| 0.47|99.99|86|*
 9633.334|11.70|99.99| 0.72| 0.56|99.99|86|*
 9634.256|11.69| 0.14| 0.70| 0.62|99.99|86|*
 9635.328|11.63|99.99| 0.73| 0.59|99.99|86|*
 9640.348|11.67|99.99| 0.75| 0.52|99.99|86|*
 9641.364|11.77|99.99| 0.70| 0.63|99.99|86|*
 9644.380|11.68|99.99| 0.73| 0.59|99.99|86|*
 9934.465|11.73|99.99| 0.75| 0.62|99.99|86|*
 9935.470|11.75|99.99| 0.75| 0.60|99.99|86|*
 9937.436|11.69| 0.15| 0.73| 0.57|99.99|86|*
 9938.443|11.71|99.99| 0.75| 0.60|99.99|86|*
 9940.423|11.69|99.99| 0.74| 0.60|99.99|86|*
 9941.389|11.75|99.99| 0.75| 0.62|99.99|86|*
 9942.416|11.79|99.99| 0.77| 0.63|99.99|86|*
 9943.402|11.80|99.99| 0.77| 0.64|99.99|86|*
 9944.422|11.86|99.99| 0.84| 0.66|99.99|86|*
 9945.411|11.76|99.99| 0.80| 0.64|99.99|86|*
 9946.414|11.74|99.99| 0.75| 0.61|99.99|86|*
 9947.432|11.68|99.99| 0.76| 0.60|99.99|86|*
 9948.440|11.70| 0.17| 0.74| 0.60|99.99|86|*
 9950.426|11.73|99.99| 0.74| 0.61|99.99|86|*
 9951.400|11.72| 0.30| 0.76| 0.66|99.99|86|*
 9952.365|11.83| 0.25| 0.78| 0.65|99.99|86|*
 9953.383|12.00| 0.22| 0.80| 0.69|99.99|86|*
 9955.425|11.74|99.99| 0.73| 0.62|99.99|86|*
 9956.394|11.81| 0.15| 0.77| 0.63|99.99|86|*
 9958.418|11.80|99.99| 0.79| 0.63|99.99|86|*
 9959.401|11.76| 0.20| 0.80| 0.63|99.99|86|*
 9962.394|11.74|99.99| 0.76| 0.60|99.99|86|*
 9963.384|11.73| 0.19| 0.77| 0.60|99.99|86|*
 9964.415|11.94|99.99| 0.77| 0.63|99.99|86|*
 9964.416|11.94|99.99| 0.77| 0.63|99.99|86|*
 9965.404|11.79|99.99| 0.79| 0.62|99.99|86|*
 9981.407|11.73|99.99| 0.77| 0.63|99.99|86|*
 9986.374|11.65|99.99| 0.76| 0.58|99.99|86|*
 9994.279|12.49|99.99| 0.91| 0.81|99.99|86|*
10005.352|11.75|99.99| 0.72| 0.66|99.99|86|*
10011.292|11.71| 0.16| 0.75| 0.61|99.99|86|*
10016.350|11.60|99.99| 0.92| 0.53|99.99|86|*
10017.334|11.71| 0.12| 0.73| 0.62|99.99|86|*
10018.365|11.68|99.99| 0.73| 0.60|99.99|86|*
10019.337|11.68|99.99| 0.76| 0.58|99.99|86|*
10020.185|11.71|99.99| 0.74| 0.63|99.99|86|*
10021.167|11.60|99.99| 0.79| 0.51|99.99|86|*
10022.156|11.66|99.99| 0.75| 0.60|99.99|86|*
10022.157|11.66|99.99| 0.75| 0.60|99.99|86|*
10285.430|11.75|99.99| 0.82| 0.61|99.99|86|*
10287.431|11.88|99.99| 0.87| 0.64|99.99|86|*
10288.421|11.75|99.99| 0.78| 0.64|99.99|86|*
10290.463|11.69|99.99| 0.73| 0.60|99.99|86|*
10291.465|11.88|99.99| 0.76| 0.62|99.99|86|*
10292.454|11.87| 0.18| 0.77| 0.63|99.99|86|*
10298.431|11.66|99.99| 0.76| 0.61|99.99|86|*
10302.466|11.63| 0.23| 0.74| 0.64|99.99|86|*
10343.458|11.77| 0.21| 0.77| 0.63|99.99|86|*
10344.428|11.68| 0.17| 0.76| 0.61|99.99|86|*
10345.436|11.69| 0.13| 0.74| 0.60|99.99|86|*
10352.428|11.80|99.99| 0.79| 0.69|99.99|86|*
10353.446|11.74|99.99| 0.76| 0.64|99.99|86|*
10354.346|11.78|99.99| 0.80| 0.64|99.99|86|*
10355.409|11.72|99.99| 0.78| 0.61|99.99|86|*
10356.378|11.68|99.99| 0.77| 0.62|99.99|86|*
10357.369|11.71|99.99| 0.75| 0.63|99.99|86|*
10359.434|11.71|99.99| 0.78| 0.62|99.99|86|*
10360.370|11.66|99.99| 0.75| 0.59|99.99|86|*
10367.349|11.66| 0.14| 0.75| 0.57|99.99|86|*
10368.381|12.10|99.99| 0.82| 0.67|99.99|86|*
10369.395|12.56|99.99| 1.04| 0.85|99.99|86|*
10370.372|12.50| 0.65| 1.15| 1.00|99.99|86|*
10376.239|11.65| 0.23| 0.76| 0.53|99.99|86|*
10377.297|11.69|99.99| 0.72| 0.63|99.99|86|*
10378.309|11.68|99.99| 0.75| 0.59|99.99|86|*
10379.309|11.67|99.99| 0.74| 0.63|99.99|86|*
10384.287|11.76|99.99| 0.66| 0.63|99.99|86|*
10386.262|11.91|99.99| 0.72| 0.61|99.99|86|*
10660.458|11.68| 0.26| 0.82| 0.57|99.99|86|*
10678.451|12.97|99.99| 1.00| 0.89|99.99|86|*
10680.411|11.67|99.99| 0.74| 0.63|99.99|86|*
10681.400|11.69|99.99| 0.76| 0.63|99.99|86|*
10682.379|11.62|99.99| 0.80| 0.68|99.99|86|*
10683.421|11.94|99.99| 0.92| 0.74|99.99|86|*
10684.392|11.83|99.99| 0.82| 0.66|99.99|86|*
10685.363|11.81|99.99| 0.79| 0.68|99.99|86|*
10686.401|11.63|99.99| 0.77| 0.60|99.99|86|*
10687.383|11.64| 0.11| 0.77| 0.59|99.99|86|*
10688.409|11.66|99.99| 0.74| 0.62|99.99|86|*
10689.370|11.62|99.99| 0.72| 0.58|99.99|86|*
10690.389|11.61|99.99| 0.72| 0.58|99.99|86|*
10691.392|11.64|99.99| 0.72| 0.61|99.99|86|*
10693.413|11.61|99.99| 0.75| 0.58|99.99|86|*
10694.379|11.62|99.99| 0.74| 0.59|99.99|86|*
10695.413|11.65|99.99| 0.73| 0.61|99.99|86|*
10696.404|11.61|99.99| 0.73| 0.60|99.99|86|*
10697.397|11.58|99.99| 0.75| 0.56|99.99|86|*
10698.397|11.60| 0.20| 0.73| 0.59|99.99|86|*
10700.338|11.60| 0.16| 0.76| 0.59|99.99|86|*
10701.402|11.60|99.99| 0.75| 0.59|99.99|86|*
10702.404|11.62|99.99| 0.75| 0.59|99.99|86|*
10703.409|11.63|99.99| 0.76| 0.59|99.99|86|*
10704.427|11.63|99.99| 0.76| 0.61|99.99|86|*
10705.371|11.63|99.99| 0.77| 0.60|99.99|86|*
10706.380|11.65|99.99| 0.77| 0.61|99.99|86|*
10709.329|11.61|99.99| 0.77| 0.55|99.99|86|*
10710.414|11.65|99.99| 0.74| 0.59|99.99|86|*
10711.350|11.62|99.99| 0.76| 0.58|99.99|86|*
10712.336|11.59|99.99| 0.72| 0.58|99.99|86|*
10713.335|11.57|99.99| 0.73| 0.57|99.99|86|*
10714.387|11.58|99.99| 0.73| 0.57|99.99|86|*
10715.334|11.59|99.99| 0.73| 0.60|99.99|86|*
10716.334|11.62| 0.13| 0.75| 0.60|99.99|86|*
10717.358|11.59| 0.15| 0.73| 0.57|99.99|86|*
10718.318|11.57| 0.20| 0.73| 0.58|99.99|86|*
10719.323|11.60| 0.19| 0.75| 0.57|99.99|86|*
10720.322|11.66| 0.14| 0.74| 0.62|99.99|86|*
10723.309|11.60| 0.14| 0.74| 0.61|99.99|86|*
10725.263|11.59| 0.12| 0.71| 0.60|99.99|86|*
10727.403|11.62| 0.14| 0.72| 0.62|99.99|86|*
10728.255|11.61| 0.15| 0.75| 0.61|99.99|86|*
10731.222|11.66| 0.28| 0.80| 0.63|99.99|86|*
10732.192|11.70|99.99| 0.78| 0.64|99.99|86|*
10733.203|11.65|99.99| 0.79| 0.63|99.99|86|*
10734.302|11.69|99.99| 0.77| 0.70|99.99|86|*
10737.186|11.55|99.99| 0.73| 0.58|99.99|86|*
10740.193|11.68|99.99| 0.82| 0.62|99.99|86|*
10744.213|11.66| 0.14| 0.73| 0.61|99.99|86|*
10745.198|11.63| 0.21| 0.74| 0.58|99.99|86|*
10753.205|11.59| 0.06| 0.76| 0.52|99.99|86|*
10791.146|11.60| 0.13| 0.74| 0.57|99.99|86|*
--------------------------------------------
