\INPUT_FILE = /mscadata/ETSS-prep/KELT/testall/raw/KELT_N02_lc_30387_V01_west_raw.dat
\INPUT_TYPE = "RAW"
\START_DATE = "Fri Oct 27, 07:14:20 2006"               
\STOP_DATE = "Mon Nov 24, 09:41:52 2008"               
\fixlen = T
\NUMRECORDS = 636      
\
\ This file was produced by the NASA Exoplanet Archive  http://exoplanetarchive.ipac.caltech.edu 
\ Thu Apr 09, 14:56:02 2015
\ Documentation for the KELT Survey dataset can be found at http://exoplanetarchive.ipac.caltech.edu/docs/KELT.html
\
|          TIME|     MAG|MAG_ERR|
|        double|    real|   real|
|             d|     mag|    mag|
|          null|    null|   null|
 2454035.801624 15.78003 0.02550 
 2454035.807087 15.78415 0.02288 
 2454036.798240 15.75794 0.02723 
 2454036.803704 15.74159 0.02377 
 2454036.809169 15.76944 0.02384 
 2454037.795786 15.76208 0.02381 
 2454037.801249 15.76942 0.02126 
 2454037.806713 15.77472 0.02167 
 2454038.792338 15.76950 0.02424 
 2454038.797802 15.73802 0.02058 
 2454038.803268 15.75611 0.02077 
 2454039.791659 15.81406 0.03093 
 2454040.787894 15.70886 0.03782 
 2454040.793357 15.78717 0.05005 
 2454048.763772 15.71668 0.03503 
 2454048.769135 15.80426 0.05613 
 2454048.774497 15.67825 0.03355 
 2454048.779858 15.69594 0.03213 
 2454048.785220 15.66998 0.03341 
 2454050.758673 15.74021 0.03245 
 2454050.764039 15.73832 0.02792 
 2454050.769401 15.74837 0.02851 
 2454050.774769 15.73730 0.02862 
 2454052.754623 15.66384 0.02997 
 2454052.759990 15.75996 0.02433 
 2454052.765352 15.66340 0.02578 
 2454052.770718 15.74221 0.02429 
 2454052.776079 15.63686 0.02546 
 2454053.752970 15.73267 0.02528 
 2454053.758334 15.92140 0.03882 
 2454053.763702 15.74999 0.02229 
 2454053.769071 15.74238 0.02262 
 2454053.774440 15.72469 0.02352 
 2454054.749511 15.68648 0.02484 
 2454054.754881 15.78137 0.03049 
 2454054.760251 15.70457 0.02213 
 2454054.765622 15.70212 0.02167 
 2454054.770991 15.67339 0.02222 
 2454055.743769 15.72141 0.02487 
 2454055.749136 15.79858 0.03657 
 2454055.754507 15.66713 0.02204 
 2454055.759876 15.69956 0.02159 
 2454055.765239 15.69878 0.02181 
 2454055.770608 15.69841 0.02144 
 2454056.744425 15.72668 0.02777 
 2454056.749793 15.74044 0.02432 
 2454056.755157 15.76963 0.02351 
 2454056.760525 15.69399 0.02459 
 2454056.765893 15.72884 0.02382 
 2454057.739446 15.73572 0.02771 
 2454057.744816 15.76902 0.03729 
 2454057.750186 15.72332 0.02559 
 2454057.755548 15.70639 0.02617 
 2454057.760916 15.78602 0.02539 
 2454057.766286 15.69609 0.02609 
 2454058.738976 15.76268 0.02573 
 2454058.744344 15.79912 0.04337 
 2454058.749712 15.70643 0.02384 
 2454058.755076 15.76764 0.02333 
 2454058.760444 15.75856 0.02319 
 2454060.733948 15.73852 0.02462 
 2454060.739318 15.80592 0.03643 
 2454060.744689 15.74446 0.02215 
 2454060.750058 15.69572 0.02254 
 2454060.755420 15.75901 0.02269 
 2454061.727250 15.73969 0.02538 
 2454061.732619 15.68710 0.02265 
 2454061.737988 15.77045 0.02235 
 2454061.743357 15.72139 0.02227 
 2454061.748728 15.70200 0.02249 
 2454077.684905 15.83044 0.04103 
 2454077.690269 15.70966 0.03934 
 2454077.695634 15.76960 0.03463 
 2454078.680307 15.86944 0.03739 
 2454078.685673 15.78125 0.02001 
 2454079.676787 15.72954 0.02123 
 2454079.681303 15.69731 0.02125 
 2454079.685819 15.72174 0.02137 
 2454079.690344 15.71961 0.02140 
 2454079.694866 15.72108 0.02130 
 2454079.699380 15.74571 0.02150 
 2454079.701484 15.97652 0.03658 
 2454079.706850 15.66505 0.02226 
 2454079.712218 15.74488 0.02206 
 2454079.717586 15.70651 0.02384 
 2454079.722947 15.69753 0.02387 
 2454079.728314 15.72023 0.02436 
 2454079.733676 15.81288 0.03590 
 2454079.739045 15.75887 0.03080 
 2454079.744417 15.81190 0.03750 
 2454079.749786 15.80709 0.03982 
 2454079.764199 15.71124 0.03700 
 2454079.773230 15.71295 0.03061 
 2454080.675664 15.74218 0.02593 
 2454080.681033 15.82345 0.03194 
 2454080.686401 15.70602 0.02206 
 2454080.691767 15.73357 0.02258 
 2454080.697134 15.68386 0.02215 
 2454081.672124 15.86438 0.02782 
 2454081.677488 15.74504 0.02251 
 2454081.682856 15.79260 0.02229 
 2454081.688225 15.81997 0.02220 
 2454081.693593 15.83543 0.02221 
 2454082.676488 15.83387 0.02568 
 2454082.681856 15.87912 0.02715 
 2454083.672748 15.87388 0.03750 
 2454083.678117 15.81142 0.02946 
 2454083.683487 15.79292 0.02497 
 2454083.688847 15.81223 0.02555 
 2454093.641694 15.79334 0.02507 
 2454093.647269 15.75302 0.02301 
 2454093.652842 15.77648 0.02240 
 2454093.658419 15.79940 0.02186 
 2454094.654261 15.72820 0.02414 
 2454107.605110 15.83533 0.02011 
 2454107.610682 15.86201 0.01994 
 2454107.616251 15.84040 0.01968 
 2454108.600975 15.75700 0.02060 
 2454108.606537 15.79674 0.02034 
 2454108.612100 15.79934 0.02014 
 2454362.905581 15.83614 0.02420 
 2454362.911126 15.75405 0.02148 
 2454362.916669 15.79959 0.02113 
 2454363.901614 15.86675 0.02224 
 2454363.907169 15.86771 0.02038 
 2454363.912724 15.86682 0.01993 
 2454378.861251 15.82043 0.02892 
 2454378.866798 15.79614 0.02377 
 2454378.872345 15.88244 0.02825 
 2454379.869329 15.84028 0.02085 
 2454380.856684 15.87694 0.02212 
 2454381.858624 15.85399 0.02012 
 2454381.864170 15.81231 0.02062 
 2454382.850619 15.83734 0.02553 
 2454382.856171 15.82446 0.02156 
 2454384.850434 15.87839 0.02123 
 2454384.855986 15.83723 0.02156 
 2454385.843121 15.83468 0.02367 
 2454385.848671 15.85747 0.02013 
 2454386.839690 15.81832 0.02427 
 2454386.845235 15.79518 0.02078 
 2454386.850785 15.80796 0.02125 
 2454388.837728 15.78926 0.02039 
 2454389.835249 15.82667 0.02174 
 2454390.830054 15.78552 0.02574 
 2454391.831245 15.98463 0.02060 
 2454392.826122 15.82701 0.02035 
 2454393.824478 15.78683 0.02228 
 2454395.815509 15.91587 0.03139 
 2454395.821064 15.90647 0.03135 
 2454404.795521 15.74768 0.02648 
 2454405.791187 15.76930 0.03073 
 2454405.796739 15.74518 0.02966 
 2454407.783263 15.73346 0.02573 
 2454407.788817 15.74161 0.02191 
 2454408.785179 15.76638 0.02294 
 2454408.790732 15.74745 0.02244 
 2454409.778020 15.79831 0.02498 
 2454409.783575 15.73016 0.02275 
 2454412.773870 15.76069 0.02141 
 2454412.779421 15.71980 0.02144 
 2454413.766706 15.76159 0.02324 
 2454413.772261 15.72270 0.02085 
 2454414.763896 15.81661 0.03024 
 2454414.769451 15.69604 0.02268 
 2454414.775004 15.76081 0.02230 
 2454416.762785 15.78383 0.01872 
 2454416.768151 15.72030 0.01907 
 2454416.773512 15.79740 0.01859 
 2454418.753037 15.73928 0.02431 
 2454437.704844 15.77372 0.01854 
 2454438.701748 15.77052 0.02077 
 2454439.698417 15.87226 0.01956 
 2454439.703828 15.85106 0.01969 
 2454447.676278 15.80884 0.01887 
 2454447.681686 15.78401 0.01987 
 2454448.670278 15.79314 0.02034 
 2454448.675728 15.77905 0.01994 
 2454448.681143 15.72871 0.02074 
 2454449.670874 15.76880 0.02011 
 2454450.668277 15.78053 0.02204 
 2454462.634826 16.04890 0.02042 
 2454462.640186 16.08666 0.01933 
 2454463.630221 16.37627 0.01898 
 2454463.635580 16.49909 0.01986 
 2454464.625552 16.02596 0.02068 
 2454464.630910 15.99426 0.02055 
 2454464.636271 15.99850 0.02024 
 2454465.626301 15.80125 0.02064 
 2454465.631659 15.76523 0.02038 
 2454731.911129 15.79137 0.02564 
 2454731.918186 15.73981 0.02465 
 2454731.925237 15.78010 0.02377 
 2454731.932302 15.80002 0.02380 
 2454731.939360 15.80471 0.02423 
 2454731.946413 15.82480 0.02432 
 2454731.953470 15.76711 0.02450 
 2454731.960518 15.78141 0.02519 
 2454731.965243 15.81111 0.02666 
 2454731.969946 15.78688 0.02737 
 2454731.974665 15.77058 0.02728 
 2454731.979370 15.76534 0.02872 
 2454731.984093 15.76561 0.02957 
 2454731.988810 15.83291 0.02879 
 2454731.993528 15.75561 0.02953 
 2454731.995732 15.80573 0.02546 
 2454731.997931 15.79688 0.02630 
 2454732.000119 15.77013 0.02603 
 2454732.002325 15.75616 0.02656 
 2454732.004514 15.76437 0.02734 
 2454732.006723 15.78903 0.02875 
 2454732.008918 15.80932 0.03025 
 2454732.011117 15.72829 0.03296 
 2454732.908842 15.84814 0.02362 
 2454732.915910 15.80485 0.02196 
 2454732.922966 15.84221 0.02149 
 2454732.930025 15.86978 0.02163 
 2454732.937079 15.84527 0.02185 
 2454732.944128 15.84632 0.02249 
 2454732.951187 15.83033 0.02273 
 2454732.958237 15.83559 0.02395 
 2454732.962949 15.83190 0.02505 
 2454732.967666 15.82290 0.02581 
 2454732.972383 15.86925 0.02564 
 2454732.977091 15.80874 0.02597 
 2454732.981818 15.82309 0.02758 
 2454732.986528 15.83735 0.02696 
 2454732.991250 15.81449 0.02663 
 2454732.993448 15.82240 0.02372 
 2454732.995638 15.81358 0.02347 
 2454732.997847 15.80912 0.02384 
 2454733.000048 15.81287 0.02388 
 2454733.002248 15.80220 0.02407 
 2454733.004443 15.82361 0.02556 
 2454733.006635 15.78489 0.02675 
 2454733.008842 15.78631 0.02771 
 2454733.011028 15.80891 0.02980 
 2454733.013239 15.84982 0.03304 
 2454733.015437 15.81666 0.03760 
 2454733.905523 15.82539 0.01988 
 2454733.915691 15.80364 0.02110 
 2454733.925860 15.82942 0.02118 
 2454733.936036 15.86241 0.02221 
 2454733.946213 15.79386 0.02277 
 2454733.956390 15.82983 0.02280 
 2454733.961110 15.83314 0.02308 
 2454733.965835 15.82206 0.02305 
 2454733.970555 15.80511 0.02369 
 2454733.975288 15.80184 0.02361 
 2454733.980014 15.77092 0.02299 
 2454733.984745 15.82349 0.02362 
 2454733.991946 15.77761 0.02402 
 2454733.996679 15.85485 0.02132 
 2454734.001407 15.90995 0.02111 
 2454734.006130 15.82342 0.02279 
 2454734.010857 15.85379 0.02645 
 2454734.015587 15.80149 0.03466 
 2454734.910291 15.81499 0.02196 
 2454734.922722 15.82403 0.02247 
 2454734.935147 15.81764 0.02321 
 2454734.947576 15.80779 0.02329 
 2454734.957535 15.79031 0.02428 
 2454734.965242 15.79713 0.02372 
 2454734.972934 15.78745 0.02521 
 2454734.980632 15.78659 0.02550 
 2454734.988567 15.80464 0.02582 
 2454734.996494 15.83127 0.02573 
 2454735.004412 15.75072 0.02632 
 2454735.012348 15.79735 0.03117 
 2454737.900117 15.96020 0.02010 
 2454737.912550 15.98904 0.02011 
 2454737.924981 15.96457 0.02085 
 2454737.937428 15.97792 0.02111 
 2454737.949909 15.96154 0.02115 
 2454737.959908 15.94333 0.02249 
 2454737.969923 15.95586 0.02284 
 2454737.979925 15.94807 0.02266 
 2454737.990109 15.92453 0.02280 
 2454738.000286 15.93839 0.02384 
 2454738.010467 15.95582 0.02478 
 2454738.899883 16.29197 0.01904 
 2454738.912308 16.32042 0.01935 
 2454738.924726 16.33137 0.02058 
 2454738.937139 16.31562 0.01977 
 2454738.947117 16.31188 0.01914 
 2454738.957126 16.35251 0.02053 
 2454738.967124 16.52571 0.02016 
 2454738.977116 16.46240 0.02055 
 2454738.987277 16.50677 0.01942 
 2454738.997441 16.50806 0.01983 
 2454739.007620 16.51469 0.02129 
 2454739.896024 16.20249 0.02046 
 2454739.908443 16.13553 0.02068 
 2454739.920858 16.17242 0.02008 
 2454739.933271 16.12090 0.02189 
 2454739.945727 16.14938 0.02180 
 2454739.955730 16.09760 0.02255 
 2454739.975703 16.08001 0.02392 
 2454739.996040 16.08323 0.02442 
 2454740.006204 16.07437 0.02412 
 2454741.892292 16.01873 0.02277 
 2454741.904713 16.04578 0.02276 
 2454741.917126 16.05077 0.02304 
 2454741.929543 16.00740 0.02363 
 2454741.939528 16.06601 0.02300 
 2454741.949515 16.00052 0.02485 
 2454741.959516 16.01757 0.02436 
 2454741.969507 15.98420 0.02557 
 2454741.979686 16.06697 0.02351 
 2454741.989850 15.95062 0.02299 
 2454742.000017 15.94206 0.02456 
 2454742.012477 15.96425 0.02461 
 2454742.889914 15.80051 0.02526 
 2454742.902330 15.88237 0.02075 
 2454742.914759 15.88673 0.02082 
 2454742.927184 15.83961 0.01414 
 2454742.937182 15.82379 0.02050 
 2454742.947180 15.85230 0.02115 
 2454742.957179 15.85221 0.02092 
 2454742.967187 15.86830 0.02190 
 2454742.977370 15.83297 0.02077 
 2454742.987551 15.84587 0.02150 
 2454742.997725 15.82661 0.02287 
 2454743.010217 15.82705 0.02180 
 2454743.020220 15.92120 0.03161 
 2454743.885090 15.86844 0.02200 
 2454743.897506 15.82661 0.02131 
 2454743.909921 15.79350 0.03654 
 2454743.922327 15.75100 0.03409 
 2454743.934773 15.82842 0.02226 
 2454743.944759 15.79890 0.02222 
 2454743.954740 15.77343 0.02222 
 2454743.964728 15.80821 0.02270 
 2454743.974897 15.84118 0.02241 
 2454743.985052 15.83596 0.02362 
 2454743.995206 15.81711 0.02400 
 2454744.007650 15.84706 0.02256 
 2454744.017637 15.79040 0.02815 
 2454745.878854 15.80331 0.02103 
 2454745.891274 15.84500 0.02009 
 2454745.903685 15.79278 0.02199 
 2454745.916096 15.80194 0.02195 
 2454745.928556 15.79110 0.02343 
 2454745.938544 15.76477 0.02458 
 2454745.948538 15.86218 0.02357 
 2454745.958518 15.80964 0.02388 
 2454745.968687 15.80824 0.02516 
 2454745.978855 15.81645 0.02671 
 2454745.989029 15.80102 0.02704 
 2454746.001499 15.81798 0.02449 
 2454746.011514 15.79869 0.02678 
 2454746.021495 15.78518 0.03913 
 2454746.878803 15.79605 0.02426 
 2454746.891213 15.79530 0.02356 
 2454746.903626 15.76718 0.02512 
 2454746.916033 15.81762 0.02344 
 2454746.926002 15.85583 0.02531 
 2454746.935990 15.76006 0.02754 
 2454746.945987 15.78321 0.02698 
 2454746.955971 15.71984 0.02778 
 2454746.966134 15.79934 0.02664 
 2454746.976283 15.74104 0.02910 
 2454746.986444 15.74399 0.02951 
 2454746.998903 15.82473 0.02663 
 2454747.008890 15.82972 0.02748 
 2454747.018879 15.85761 0.03096 
 2454747.875782 15.84500 0.02354 
 2454747.888198 15.84478 0.02240 
 2454747.900611 15.81612 0.02333 
 2454747.913019 15.86003 0.02195 
 2454747.923002 15.81662 0.02407 
 2454747.933005 15.82290 0.02519 
 2454747.942994 15.84199 0.02472 
 2454747.952982 15.80885 0.02579 
 2454747.963143 15.79026 0.02573 
 2454747.973294 15.82571 0.02630 
 2454747.983452 15.80397 0.02706 
 2454747.995907 15.86407 0.02519 
 2454748.005916 15.81737 0.02800 
 2454748.015900 15.83152 0.03052 
 2454748.873158 15.78389 0.02371 
 2454748.885531 15.81778 0.02282 
 2454748.897909 15.83507 0.02402 
 2454748.910282 15.81441 0.02362 
 2454748.920242 15.80690 0.02318 
 2454748.930181 15.78990 0.02536 
 2454748.940153 15.82969 0.02456 
 2454748.950111 15.78979 0.02583 
 2454748.960249 15.81840 0.02560 
 2454748.970383 15.79762 0.02614 
 2454748.980516 15.77255 0.02526 
 2454748.992932 15.80871 0.02527 
 2454749.002895 15.81285 0.02559 
 2454749.012854 15.82112 0.02605 
 2454749.022806 15.80344 0.03898 
 2454749.870528 15.75726 0.02783 
 2454749.882951 15.81192 0.02369 
 2454749.895370 15.79436 0.02431 
 2454749.907784 15.81345 0.02310 
 2454749.917770 15.79173 0.02572 
 2454749.927769 15.80104 0.02575 
 2454749.937759 15.80932 0.02493 
 2454749.947754 15.81686 0.02578 
 2454749.957926 15.78287 0.02572 
 2454749.968101 15.76992 0.02655 
 2454749.978269 15.79134 0.02726 
 2454749.990738 15.76674 0.02550 
 2454750.000733 15.75704 0.02672 
 2454750.010722 15.57251 0.03292 
 2454750.020709 15.76837 0.03925 
 2454758.841748 15.87207 0.03568 
 2454758.848917 15.87757 0.03208 
 2454758.856085 15.90368 0.03201 
 2454758.863251 15.85031 0.03389 
 2454759.837570 15.84934 0.02896 
 2454759.844640 15.81846 0.02623 
 2454759.851697 15.80197 0.02675 
 2454759.858755 15.87063 0.02678 
 2454759.865812 15.82267 0.02704 
 2454759.872870 15.85458 0.02689 
 2454759.879928 15.84901 0.02693 
 2454759.886987 15.90750 0.02740 
 2454759.891698 15.87941 0.02917 
 2454759.896427 15.86548 0.02947 
 2454759.901144 15.87010 0.03091 
 2454759.905866 15.80127 0.03117 
 2454759.910582 15.81600 0.03175 
 2454759.915289 15.80539 0.03256 
 2454759.920015 15.88649 0.03123 
 2454759.922216 15.81806 0.02800 
 2454759.924410 15.86190 0.02944 
 2454759.926617 15.81574 0.03036 
 2454759.928806 15.88769 0.03066 
 2454759.931016 15.80822 0.03098 
 2454759.933217 15.88660 0.03100 
 2454759.935408 15.83880 0.03095 
 2454759.937619 15.85976 0.03039 
 2454759.939810 15.85414 0.03010 
 2454759.942020 15.88088 0.02981 
 2454759.944222 15.86882 0.02976 
 2454759.946415 15.86675 0.03000 
 2454759.948625 15.81167 0.03067 
 2454759.950813 15.87902 0.03214 
 2454759.953024 15.86066 0.03325 
 2454759.955228 15.88735 0.03411 
 2454759.957421 15.82336 0.03400 
 2454759.959627 15.90051 0.03389 
 2454759.961819 15.87997 0.03364 
 2454759.964031 15.87656 0.03346 
 2454759.966233 15.87072 0.03290 
 2454759.968426 15.85249 0.03310 
 2454759.970634 15.83192 0.03319 
 2454759.972826 15.83012 0.03638 
 2454759.975037 15.90378 0.03790 
 2454759.977238 15.85935 0.03790 
 2454759.979435 15.84088 0.03661 
 2454759.981643 15.85534 0.03510 
 2454759.983833 15.84804 0.03270 
 2454759.986043 15.89211 0.03307 
 2454759.988244 15.85366 0.03547 
 2454760.834373 15.83122 0.02585 
 2454760.844535 15.81475 0.02755 
 2454760.854693 15.80968 0.02727 
 2454760.864857 15.79069 0.02838 
 2454760.875022 15.84672 0.02855 
 2454760.885187 15.87544 0.02834 
 2454760.889913 15.86145 0.03006 
 2454760.894632 15.79643 0.02862 
 2454760.899345 15.82573 0.02902 
 2454760.904076 15.81755 0.03071 
 2454760.908801 15.85712 0.03021 
 2454760.913522 15.89561 0.02969 
 2454760.918240 15.84237 0.03010 
 2454760.922963 15.84906 0.02899 
 2454760.927688 15.86244 0.02703 
 2454760.932414 15.87527 0.02737 
 2454760.937135 15.82817 0.02858 
 2454760.941856 15.88708 0.02960 
 2454760.946573 15.90482 0.03027 
 2454760.951290 15.86596 0.03025 
 2454760.956006 15.86433 0.03133 
 2454777.793654 15.84260 0.02954 
 2454777.805578 15.89651 0.02685 
 2454777.817509 15.93038 0.02550 
 2454777.829442 15.88542 0.02511 
 2454777.841425 15.89750 0.02539 
 2454777.851036 15.94021 0.02467 
 2454777.860649 15.93634 0.02632 
 2454777.870249 15.86984 0.02656 
 2454777.880027 15.90067 0.02603 
 2454777.889800 15.90941 0.02799 
 2454777.899583 15.83118 0.02695 
 2454777.909374 15.85156 0.02781 
 2454777.921343 15.83236 0.02678 
 2454777.940549 15.87917 0.02713 
 2454777.950142 15.86962 0.02917 
 2454778.831529 15.87809 0.03446 
 2454778.846367 15.80738 0.03617 
 2454778.853790 15.78988 0.03499 
 2454778.861213 15.84571 0.03349 
 2454778.868624 15.81874 0.03346 
 2454778.878431 15.82237 0.03120 
 2454787.760593 15.91147 0.02707 
 2454787.770390 15.89866 0.02964 
 2454787.780192 15.91773 0.02844 
 2454787.790010 15.88361 0.03089 
 2454787.799813 15.90235 0.02978 
 2454787.809628 15.91536 0.03117 
 2454787.814170 15.87467 0.02984 
 2454788.760675 16.00653 0.02656 
 2454788.770476 16.01022 0.02739 
 2454788.780281 16.00940 0.02759 
 2454788.790084 16.01921 0.02778 
 2454788.799879 15.95148 0.02923 
 2454788.809668 15.95597 0.03017 
 2454788.814221 15.99734 0.02779 
 2454788.818762 15.98601 0.02949 
 2454788.823294 15.97698 0.02900 
 2454788.827832 15.98926 0.03036 
 2454788.832374 15.96651 0.02981 
 2454788.836910 15.93143 0.03184 
 2454788.841446 15.95933 0.02881 
 2454788.845986 15.91596 0.02726 
 2454788.850528 15.93218 0.02869 
 2454788.855076 15.93711 0.03006 
 2454788.859608 15.95657 0.03072 
 2454788.864154 15.93060 0.03167 
 2454788.868691 15.97473 0.03079 
 2454788.873233 15.98660 0.03202 
 2454788.877776 15.95733 0.03257 
 2454788.882322 15.89260 0.03281 
 2454788.886859 15.90511 0.03172 
 2454788.891403 15.86849 0.03361 
 2454788.895945 15.93526 0.03319 
 2454788.900486 15.93303 0.03321 
 2454788.905040 15.93857 0.03279 
 2454788.909582 15.84978 0.03584 
 2454788.914117 15.96795 0.03553 
 2454788.918652 15.90263 0.03536 
 2454789.759306 15.84012 0.02073 
 2454789.771275 15.84796 0.02139 
 2454789.783237 15.91388 0.02347 
 2454789.795183 15.89321 0.02439 
 2454789.807151 15.81357 0.02495 
 2454789.814568 15.87022 0.02683 
 2454789.821996 15.91139 0.02726 
 2454789.829414 15.83260 0.02920 
 2454789.836838 15.84191 0.02737 
 2454789.844491 15.87956 0.02991 
 2454789.852143 15.82195 0.03061 
 2454789.859778 15.83837 0.03136 
 2454789.867427 15.87199 0.03263 
 2454789.875074 15.83184 0.03271 
 2454789.882719 15.84930 0.03299 
 2454789.887256 15.83074 0.03263 
 2454789.891794 15.86416 0.03249 
 2454789.896334 15.93378 0.03137 
 2454789.900872 15.86046 0.03308 
 2454789.905411 15.86871 0.03392 
 2454789.909957 15.79934 0.03381 
 2454789.916876 15.86018 0.03498 
 2454790.755908 15.82256 0.02472 
 2454790.767868 15.84453 0.02520 
 2454790.779828 15.83287 0.02671 
 2454790.791785 15.81629 0.02649 
 2454790.803742 15.86304 0.02487 
 2454790.811168 15.82479 0.02751 
 2454790.818566 15.86171 0.02602 
 2454790.825983 15.85450 0.02708 
 2454790.833395 15.81022 0.02703 
 2454790.841044 15.89221 0.02588 
 2454790.848688 15.86494 0.02868 
 2454790.856332 15.80491 0.02759 
 2454790.863974 15.88212 0.03007 
 2454790.871634 15.88323 0.02982 
 2454790.879266 15.87361 0.03029 
 2454790.883796 15.83174 0.02861 
 2454790.888338 15.90740 0.02940 
 2454790.892875 15.83389 0.02898 
 2454790.897413 15.85457 0.03004 
 2454790.901949 15.86594 0.02890 
 2454790.906473 15.86621 0.02863 
 2454790.913395 15.84878 0.03217 
 2454791.754248 15.79736 0.02262 
 2454791.766217 15.82703 0.02207 
 2454791.778168 15.77916 0.02421 
 2454791.790109 15.81873 0.02335 
 2454791.804332 15.84022 0.02436 
 2454791.813953 15.85106 0.02547 
 2454791.823579 15.83555 0.02542 
 2454791.833184 15.78803 0.02624 
 2454791.842981 15.85547 0.02667 
 2454791.852785 15.84245 0.02707 
 2454791.862588 15.80051 0.02672 
 2454791.872393 15.81491 0.03001 
 2454791.879815 15.82969 0.02966 
 2454791.887223 15.81096 0.02999 
 2454791.894639 15.81581 0.02251 
 2454791.902056 15.83231 0.03108 
 2454791.909472 15.82441 0.02639 
 2454792.751022 15.75195 0.02218 
 2454792.762982 15.79127 0.02337 
 2454792.774925 15.75189 0.02366 
 2454792.786881 15.84135 0.02230 
 2454792.801089 15.69297 0.02722 
 2454792.810696 15.85293 0.02502 
 2454792.820328 15.78683 0.02375 
 2454792.829947 15.80111 0.02463 
 2454792.849543 15.71937 0.03146 
 2454792.859322 15.83866 0.02650 
 2454792.880956 15.79272 0.02542 
 2454792.890567 15.83421 0.02512 
 2454792.900209 15.73860 0.02836 
 2454792.909810 15.76187 0.02987 
 2454793.782131 16.02277 0.02245 
 2454793.796326 16.02441 0.02233 
 2454793.805958 15.98253 0.01891 
 2454793.844780 15.99340 0.02200 
 2454793.854589 16.02363 0.02332 
 2454793.885985 15.89555 0.02437 
 2454794.745234 15.80811 0.02213 
 2454794.757199 15.81373 0.02417 
 2454794.769160 15.83300 0.02307 
 2454794.781112 15.83898 0.02336 
 2454794.795316 15.82168 0.02266 
 2454794.804920 15.82010 0.02416 
 2454794.814564 15.81939 0.02342 
 2454794.824187 15.78827 0.02439 
 2454794.833980 15.84306 0.02412 
 2454794.843778 15.80613 0.02377 
 2454794.853582 15.83982 0.02411 
 2454794.865603 15.79535 0.02560 
 2454794.875209 15.83151 0.02587 
 2454794.884838 15.89899 0.02985 
 2454794.894453 15.82364 0.02827 
 2454794.904076 15.71330 0.05078 
