\INPUT_FILE = /mscadata/ETSS-prep/KELT/testall/raw/KELT_N02_lc_34612_V01_east_raw.dat
\INPUT_TYPE = "RAW"
\START_DATE = "Thu Oct 26, 04:52:02 2006"               
\STOP_DATE = "Mon Nov 24, 04:52:01 2008"               
\fixlen = T
\NUMRECORDS = 1680     
\
\ This file was produced by the NASA Exoplanet Archive  http://exoplanetarchive.ipac.caltech.edu 
\ Thu Apr 09, 16:37:19 2015
\ Documentation for the KELT Survey dataset can be found at http://exoplanetarchive.ipac.caltech.edu/docs/KELT.html
\
|          TIME|     MAG|MAG_ERR|
|        double|    real|   real|
|             d|     mag|    mag|
|          null|    null|   null|
 2454034.702806 15.69988 0.02604 
 2454034.707429 15.76066 0.02567 
 2454034.712051 15.75867 0.02512 
 2454034.716671 15.78905 0.02436 
 2454034.721292 15.75856 0.02518 
 2454034.726756 15.76028 0.02438 
 2454034.732219 15.75287 0.02417 
 2454034.734407 15.78449 0.02417 
 2454034.739028 15.74602 0.02399 
 2454034.743647 15.78211 0.02357 
 2454034.748268 15.72588 0.02518 
 2454034.752889 15.72259 0.02421 
 2454034.757509 15.74848 0.02566 
 2454034.762129 15.68087 0.02357 
 2454034.766748 15.74772 0.02308 
 2454034.771369 15.72307 0.02347 
 2454034.775989 15.70897 0.02351 
 2454034.780609 15.72942 0.02407 
 2454034.794465 15.75244 0.02466 
 2454034.799085 15.71577 0.02346 
 2454035.696513 15.77253 0.02478 
 2454035.701133 15.77507 0.02488 
 2454035.705755 15.74449 0.02521 
 2454035.710375 15.79090 0.02491 
 2454035.714997 15.77848 0.02514 
 2454035.719617 15.76447 0.02484 
 2454035.725078 15.77245 0.02484 
 2454035.727266 15.77778 0.02510 
 2454035.731887 15.76088 0.02485 
 2454035.736509 15.75877 0.02531 
 2454035.741132 15.76821 0.02513 
 2454035.745754 15.81769 0.02493 
 2454035.750374 15.72181 0.02508 
 2454035.754994 15.76465 0.02439 
 2454035.759615 15.78294 0.02439 
 2454035.764237 15.76968 0.02330 
 2454035.768857 15.79040 0.02347 
 2454035.773477 15.76263 0.02424 
 2454035.778097 15.72690 0.02323 
 2454035.782718 15.81423 0.02317 
 2454035.787339 15.76743 0.02375 
 2454035.791961 15.78446 0.02327 
 2454035.796582 15.77031 0.02335 
 2454036.696920 15.68945 0.02802 
 2454036.701539 15.73028 0.02542 
 2454036.706160 15.68965 0.02518 
 2454036.710780 15.75091 0.02529 
 2454036.715400 15.74802 0.02499 
 2454036.720864 15.70819 0.02492 
 2454036.726326 15.74537 0.02524 
 2454036.728514 15.73305 0.02561 
 2454036.733133 15.75342 0.02864 
 2454036.737752 15.74527 0.02476 
 2454036.742372 15.71091 0.02478 
 2454036.746991 15.73967 0.02522 
 2454036.751613 15.71937 0.02478 
 2454036.756233 15.72905 0.02614 
 2454036.760853 15.76152 0.02495 
 2454036.765473 15.74174 0.02446 
 2454036.770095 15.72129 0.02557 
 2454036.774716 15.70824 0.02649 
 2454036.779336 15.71890 0.03016 
 2454036.783956 15.78662 0.02310 
 2454036.788577 15.72457 0.02484 
 2454036.793198 15.75201 0.02448 
 2454037.690664 15.75125 0.02439 
 2454037.695285 15.78760 0.02426 
 2454037.699905 15.77411 0.02311 
 2454037.704526 15.75723 0.02870 
 2454037.709147 15.73939 0.02269 
 2454037.713769 15.70301 0.02405 
 2454037.719234 15.70454 0.02365 
 2454037.721422 15.74431 0.02284 
 2454037.726043 15.71159 0.02302 
 2454037.730664 15.75992 0.02235 
 2454037.735286 15.70544 0.02184 
 2454037.739908 15.69643 0.02190 
 2454037.744530 15.71653 0.02159 
 2454037.749150 15.73470 0.02185 
 2454037.753771 15.75341 0.02159 
 2454037.758392 15.75132 0.02165 
 2454037.763014 15.69193 0.02145 
 2454037.767636 15.75950 0.02105 
 2454037.772257 15.76355 0.02094 
 2454037.776879 15.76378 0.02076 
 2454037.781500 15.73108 0.02136 
 2454037.786122 15.71885 0.02096 
 2454037.790743 15.73385 0.02135 
 2454038.741089 15.75135 0.02323 
 2454038.745710 15.76881 0.02317 
 2454038.750331 15.69566 0.02366 
 2454038.764192 15.71340 0.02231 
 2454038.773433 15.75409 0.02233 
 2454038.778055 15.74055 0.02960 
 2454038.782676 15.69722 0.02177 
 2454038.787297 15.78670 0.02017 
 2454039.721933 15.75340 0.03172 
 2454039.726552 15.80622 0.03157 
 2454039.731172 15.74660 0.03132 
 2454039.749653 15.73252 0.03109 
 2454039.754274 15.78487 0.03120 
 2454039.758896 15.80798 0.03112 
 2454039.763516 15.78272 0.03105 
 2454039.768137 15.75231 0.03180 
 2454039.772759 15.72065 0.03050 
 2454039.777378 15.75720 0.02974 
 2454039.781998 15.77000 0.03144 
 2454039.786618 15.76403 0.03186 
 2454048.671948 15.74697 0.03125 
 2454048.676467 15.71938 0.03124 
 2454048.680988 15.70929 0.03170 
 2454048.686348 15.66560 0.03195 
 2454048.691709 15.67945 0.03240 
 2454048.697071 15.72176 0.03233 
 2454048.702431 15.70288 0.03177 
 2454048.704531 15.69097 0.03190 
 2454048.709052 15.71199 0.03268 
 2454048.713571 15.72110 0.03223 
 2454048.718151 15.70282 0.03271 
 2454048.722670 15.70733 0.03312 
 2454048.727190 15.74902 0.03236 
 2454048.731714 15.68971 0.03329 
 2454048.736234 15.70091 0.03296 
 2454048.740751 15.72990 0.03263 
 2454048.745271 15.76913 0.03222 
 2454048.749791 15.66879 0.03275 
 2454048.754311 15.71803 0.03290 
 2454048.758831 15.70065 0.03241 
 2454050.666860 15.72183 0.02670 
 2454050.671378 15.72847 0.02608 
 2454050.675903 15.75166 0.02613 
 2454050.681276 15.71148 0.02693 
 2454050.686644 15.71095 0.02645 
 2454050.692007 15.68842 0.02634 
 2454050.697376 15.73364 0.02451 
 2454050.699480 15.71296 0.02498 
 2454050.704002 15.75843 0.02488 
 2454050.708520 15.69802 0.02493 
 2454050.713045 15.74122 0.02467 
 2454050.717560 15.70908 0.02484 
 2454050.726605 15.68681 0.02518 
 2454050.731123 15.70554 0.02536 
 2454050.735644 15.70956 0.02606 
 2454050.740170 15.71122 0.02697 
 2454050.744688 15.69863 0.02743 
 2454050.749212 15.68421 0.02746 
 2454050.753734 15.72645 0.02804 
 2454052.662811 15.68362 0.02569 
 2454052.667336 15.71660 0.02494 
 2454052.671855 15.68137 0.02491 
 2454052.677224 15.67224 0.02496 
 2454052.682587 15.70135 0.02518 
 2454052.687955 15.68616 0.02408 
 2454052.693326 15.64652 0.02473 
 2454052.695432 15.68159 0.02468 
 2454052.699954 15.64544 0.02541 
 2454052.704477 15.67817 0.02432 
 2454052.708996 15.68711 0.02485 
 2454052.713519 15.60101 0.02521 
 2454052.718035 15.72653 0.02537 
 2454052.722557 15.63358 0.02511 
 2454052.727073 15.66262 0.02517 
 2454052.736113 15.67992 0.02661 
 2454052.740638 15.68483 0.02630 
 2454052.745162 15.69222 0.02765 
 2454052.749678 15.70431 0.02596 
 2454053.656605 15.68741 0.02529 
 2454053.661130 15.70423 0.02448 
 2454053.665655 15.70990 0.02413 
 2454053.670177 15.68937 0.02346 
 2454053.675541 15.69790 0.02359 
 2454053.680910 15.68008 0.02405 
 2454053.686280 15.68952 0.02485 
 2454053.691651 15.70727 0.02438 
 2454053.693756 15.67737 0.02396 
 2454053.698281 15.68754 0.02322 
 2454053.702797 15.68163 0.02302 
 2454053.711849 15.70049 0.02244 
 2454053.716372 15.67513 0.02244 
 2454053.720894 15.69182 0.02296 
 2454053.725412 15.72420 0.02252 
 2454053.729936 15.68969 0.02199 
 2454053.734458 15.70150 0.02262 
 2454053.738977 15.70927 0.02234 
 2454053.743502 15.71317 0.02317 
 2454053.748027 15.71080 0.02235 
 2454054.657677 15.68948 0.02284 
 2454054.662195 15.72926 0.02243 
 2454054.666720 15.69411 0.02214 
 2454054.672092 15.67126 0.02293 
 2454054.677462 15.74202 0.02288 
 2454054.682834 15.69811 0.02249 
 2454054.688203 15.67952 0.02271 
 2454054.690307 15.68290 0.02293 
 2454054.694829 15.72237 0.02220 
 2454054.699348 15.69655 0.02234 
 2454054.703872 15.70317 0.02224 
 2454054.708394 15.69012 0.02199 
 2454054.712911 15.72439 0.02272 
 2454054.717435 15.68785 0.02237 
 2454054.721960 15.69327 0.02237 
 2454054.726483 15.70190 0.02223 
 2454054.731000 15.66294 0.02180 
 2454054.735524 15.72985 0.02184 
 2454054.740049 15.72782 0.02150 
 2454054.744573 15.74568 0.02191 
 2454055.651939 15.68656 0.02431 
 2454055.656463 15.68077 0.02429 
 2454055.660989 15.73306 0.02396 
 2454055.666353 15.65213 0.02369 
 2454055.671721 15.65974 0.02366 
 2454055.677091 15.67954 0.02333 
 2454055.682460 15.68948 0.02278 
 2454055.684565 15.69686 0.02281 
 2454055.689089 15.67746 0.02317 
 2454055.693614 15.67469 0.02266 
 2454055.698139 15.67784 0.02253 
 2454055.702655 15.69155 0.02261 
 2454055.707179 15.64583 0.02281 
 2454055.711701 15.69610 0.02235 
 2454055.716219 15.66220 0.02226 
 2454055.720743 15.67626 0.02258 
 2454055.725267 15.69274 0.02241 
 2454055.729784 15.68486 0.02259 
 2454055.734308 15.67535 0.02249 
 2454055.738831 15.69404 0.02238 
 2454056.652605 15.69423 0.02357 
 2454056.657124 15.69181 0.02399 
 2454056.661648 15.70102 0.02373 
 2454056.667010 15.69469 0.02416 
 2454056.672378 15.65712 0.02423 
 2454056.677741 15.68434 0.02407 
 2454056.683108 15.67955 0.02421 
 2454056.685210 15.73253 0.02376 
 2454056.689734 15.70552 0.02383 
 2454056.694258 15.65109 0.02401 
 2454056.698778 15.68843 0.02359 
 2454056.703301 15.68618 0.02309 
 2454056.707823 15.70470 0.02344 
 2454056.712342 15.72025 0.02302 
 2454056.716867 15.70671 0.02316 
 2454056.721390 15.69074 0.02360 
 2454056.725916 15.68309 0.02345 
 2454056.730439 15.70618 0.02338 
 2454056.734956 15.69122 0.02356 
 2454056.739481 15.72548 0.02396 
 2454057.646788 15.70487 0.02474 
 2454057.651312 15.68693 0.02469 
 2454057.655835 15.68341 0.02460 
 2454057.661199 15.69899 0.02407 
 2454057.666562 15.71301 0.02436 
 2454057.671926 15.73333 0.02440 
 2454057.677295 15.73509 0.02406 
 2454057.682659 15.72734 0.02458 
 2454057.684762 15.71929 0.02414 
 2454057.689285 15.71633 0.02396 
 2454057.693801 15.70688 0.02426 
 2454057.698325 15.70568 0.02390 
 2454057.702845 15.70524 0.02422 
 2454057.707365 15.67528 0.02450 
 2454057.711889 15.72695 0.02386 
 2454057.716414 15.71808 0.02421 
 2454057.720939 15.68213 0.02444 
 2454057.725461 15.69894 0.02407 
 2454057.729980 15.71601 0.02421 
 2454057.734504 15.68072 0.02507 
 2454058.647154 15.71128 0.02295 
 2454058.651674 15.71775 0.02270 
 2454058.656194 15.73249 0.02273 
 2454058.661559 15.70968 0.02331 
 2454058.666927 15.70446 0.02281 
 2454058.672296 15.71108 0.02336 
 2454058.677659 15.69910 0.02320 
 2454058.679763 15.68752 0.02275 
 2454058.684287 15.74084 0.02300 
 2454058.688809 15.68599 0.02328 
 2454058.693327 15.70344 0.02321 
 2454058.697851 15.68265 0.02289 
 2454058.702376 15.74485 0.02317 
 2454058.706901 15.70276 0.02317 
 2454058.711423 15.67834 0.02320 
 2454058.715942 15.72429 0.02281 
 2454058.720466 15.72006 0.02286 
 2454058.724991 15.71312 0.02307 
 2454058.729514 15.71310 0.02260 
 2454058.734030 15.74541 0.02233 
 2454060.585699 15.67813 0.02634 
 2454060.590221 15.66874 0.02658 
 2454060.594739 15.66952 0.02674 
 2454060.599264 15.71627 0.02654 
 2454060.603787 15.69003 0.02650 
 2454060.608304 15.68756 0.02689 
 2454060.612828 15.71885 0.02597 
 2454060.617354 15.68581 0.02641 
 2454060.621879 15.74172 0.02577 
 2454060.626402 15.74261 0.02575 
 2454060.630919 15.73291 0.02568 
 2454060.635444 15.71576 0.02480 
 2454060.639964 15.69527 0.02518 
 2454060.644482 15.70758 0.02463 
 2454060.649008 15.66385 0.02435 
 2454060.654378 15.66784 0.02408 
 2454060.659749 15.70889 0.02444 
 2454060.665120 15.69430 0.02381 
 2454060.670489 15.72468 0.02357 
 2454060.672594 15.72979 0.02342 
 2454060.677114 15.71038 0.02412 
 2454060.681642 15.69153 0.02346 
 2454060.686161 15.73322 0.02372 
 2454060.690685 15.66833 0.02300 
 2454060.695207 15.69655 0.02293 
 2454060.699724 15.72708 0.02241 
 2454060.704247 15.65953 0.02286 
 2454060.710915 15.70650 0.02247 
 2454060.715438 15.70521 0.02265 
 2454060.719956 15.69772 0.02260 
 2454060.724479 15.69225 0.02247 
 2454060.729003 15.70291 0.02240 
 2454061.585665 15.70705 0.02566 
 2454061.590187 15.71247 0.02689 
 2454061.594706 15.75044 0.02580 
 2454061.599231 15.71246 0.02541 
 2454061.603756 15.66414 0.02587 
 2454061.608281 15.71416 0.02539 
 2454061.612804 15.69326 0.02628 
 2454061.617319 15.70267 0.02546 
 2454061.621844 15.70821 0.02603 
 2454061.626366 15.70248 0.02554 
 2454061.630884 15.72452 0.02502 
 2454061.635409 15.69022 0.02499 
 2454061.639935 15.71500 0.02423 
 2454061.644460 15.70904 0.02470 
 2454061.649823 15.70891 0.02430 
 2454061.655191 15.71812 0.02361 
 2454061.660559 15.73642 0.02396 
 2454061.665929 15.69467 0.02379 
 2454061.668027 15.71841 0.02327 
 2454061.672549 15.72705 0.02331 
 2454061.677070 15.66064 0.02365 
 2454061.681596 15.67158 0.02318 
 2454061.686122 15.68532 0.02298 
 2454061.690647 15.70200 0.02302 
 2454061.695166 15.66842 0.02331 
 2454061.699690 15.72354 0.02261 
 2454061.704212 15.70167 0.02266 
 2454061.708736 15.69198 0.02238 
 2454061.713263 15.69982 0.02218 
 2454061.717787 15.69328 0.02252 
 2454061.722306 15.75450 0.02212 
 2454077.584156 15.75768 0.02417 
 2454077.588673 15.73025 0.02408 
 2454077.593185 15.75647 0.02352 
 2454077.597700 15.75243 0.02339 
 2454077.602221 15.74232 0.02363 
 2454077.607584 15.76467 0.02571 
 2454077.612947 15.84719 0.03120 
 2454077.618315 15.74190 0.02499 
 2454077.623677 15.73727 0.02404 
 2454077.625784 15.74538 0.02507 
 2454077.630301 15.77514 0.02536 
 2454077.634814 15.72189 0.02658 
 2454077.639328 15.75754 0.02743 
 2454077.643841 15.72118 0.02871 
 2454077.648355 15.77652 0.03005 
 2454077.652868 15.67833 0.03058 
 2454077.657390 15.75702 0.03150 
 2454077.661909 15.74035 0.03205 
 2454077.666431 15.73380 0.03168 
 2454078.584090 15.77461 0.02383 
 2454078.588613 15.74005 0.02356 
 2454078.593131 15.76669 0.02341 
 2454078.597643 15.78504 0.02314 
 2454078.603005 15.84383 0.02916 
 2454078.608366 15.76569 0.02334 
 2454078.613725 15.73231 0.02328 
 2454078.619093 15.75517 0.02311 
 2454078.621201 15.72413 0.02305 
 2454078.625723 15.74985 0.02293 
 2454078.630235 15.70195 0.02305 
 2454078.634749 15.74098 0.02284 
 2454078.639263 15.75414 0.02269 
 2454078.643776 15.73439 0.02290 
 2454078.648291 15.74023 0.02296 
 2454078.652804 15.67685 0.02301 
 2454078.657318 15.73371 0.02320 
 2454078.661831 15.76535 0.02327 
 2454078.666344 15.76056 0.02291 
 2454078.670858 15.78205 0.02375 
 2454078.675372 15.78515 0.02466 
 2454079.671843 15.66416 0.02157 
 2454080.583941 15.71219 0.02315 
 2454080.588455 15.69878 0.02318 
 2454080.592970 15.70786 0.02267 
 2454080.598332 15.65887 0.03905 
 2454080.603698 15.68132 0.02313 
 2454080.609060 15.70964 0.02285 
 2454080.614420 15.75063 0.02221 
 2454080.616528 15.73225 0.02229 
 2454080.621045 15.68699 0.02244 
 2454080.625558 15.71626 0.02226 
 2454080.630073 15.67289 0.02267 
 2454080.634587 15.69294 0.02226 
 2454080.639101 15.70275 0.02290 
 2454080.643626 15.70192 0.02292 
 2454080.648141 15.69848 0.02332 
 2454080.652663 15.72665 0.02280 
 2454080.657177 15.73761 0.02220 
 2454080.661690 15.69943 0.02270 
 2454080.666207 15.71321 0.02296 
 2454080.670730 15.68705 0.02290 
 2454081.584867 15.76609 0.02200 
 2454081.589388 15.75136 0.02195 
 2454081.594752 15.74621 0.02237 
 2454081.600121 15.75491 0.02250 
 2454081.605490 15.77301 0.02232 
 2454081.610859 15.71305 0.02228 
 2454081.612967 15.75933 0.02214 
 2454081.617487 15.74900 0.02231 
 2454081.622001 15.77526 0.02219 
 2454081.626515 15.80861 0.02236 
 2454081.631028 15.74655 0.02233 
 2454081.635543 15.79851 0.02236 
 2454081.640064 15.76723 0.02234 
 2454081.644588 15.77335 0.02242 
 2454081.649104 15.73906 0.02241 
 2454081.653628 15.73364 0.02275 
 2454081.658144 15.77459 0.02305 
 2454081.662658 15.77273 0.02296 
 2454081.667181 15.74844 0.02327 
 2454082.584793 15.83580 0.02373 
 2454082.600035 15.86909 0.02503 
 2454082.605407 15.81998 0.02322 
 2454082.607516 15.84686 0.02436 
 2454082.612031 15.86675 0.02446 
 2454082.621058 15.78562 0.02596 
 2454082.634599 15.77935 0.02560 
 2454082.643627 15.85591 0.02537 
 2454082.648140 15.83836 0.02539 
 2454082.657167 15.78413 0.02365 
 2454082.661681 15.84910 0.02429 
 2454082.666195 15.80289 0.02463 
 2454083.584729 15.76437 0.02784 
 2454083.590092 15.77382 0.02484 
 2454083.595457 15.74290 0.02623 
 2454083.600819 15.77074 0.02551 
 2454083.606186 15.76216 0.02649 
 2454083.608289 15.75992 0.02583 
 2454083.617317 15.76814 0.02792 
 2454083.621832 15.72897 0.02600 
 2454083.630859 15.74308 0.02605 
 2454083.639887 15.75368 0.02702 
 2454083.644400 15.71430 0.02547 
 2454083.648914 15.75245 0.02523 
 2454083.653428 15.75013 0.02550 
 2454083.657941 15.71493 0.02636 
 2454093.584533 15.74662 0.02484 
 2454093.589262 15.74118 0.02579 
 2454093.593991 15.77929 0.02549 
 2454093.598720 15.75986 0.02507 
 2454093.603448 15.73839 0.02585 
 2454093.608175 15.68308 0.02490 
 2454093.612903 15.77771 0.02433 
 2454093.617633 15.75939 0.02515 
 2454093.622360 15.75292 0.02481 
 2454093.627085 15.76338 0.02378 
 2454093.631816 15.74438 0.02430 
 2454093.636543 15.74121 0.02470 
 2454107.589663 15.80555 0.02058 
 2454107.594392 15.79607 0.02099 
 2454108.590270 15.74757 0.02117 
 2454362.811170 15.74699 0.02731 
 2454362.815870 15.76163 0.02363 
 2454362.820568 15.79786 0.02828 
 2454362.826118 15.78328 0.02295 
 2454362.831660 15.78631 0.02315 
 2454362.837202 15.77340 0.02369 
 2454362.839398 15.76980 0.02346 
 2454362.844096 15.80095 0.02360 
 2454362.848785 15.73819 0.02355 
 2454362.853490 15.75613 0.02300 
 2454362.858188 15.76262 0.02308 
 2454362.862884 15.77960 0.02303 
 2454362.867571 15.82774 0.02214 
 2454362.872278 15.78674 0.02177 
 2454362.876975 15.79176 0.02218 
 2454362.881672 15.79842 0.02169 
 2454362.886360 15.79380 0.02248 
 2454362.891067 15.74443 0.02255 
 2454362.895763 15.77109 0.02172 
 2454362.900460 15.77252 0.02184 
 2454363.806169 15.80914 0.02194 
 2454363.810878 15.84549 0.02151 
 2454363.815586 15.81696 0.02119 
 2454363.821141 15.85755 0.02092 
 2454363.826697 15.83126 0.02074 
 2454363.832251 15.78886 0.02049 
 2454363.837804 15.86790 0.02077 
 2454363.840006 15.80795 0.02116 
 2454363.844712 15.85004 0.02107 
 2454363.849419 15.85168 0.02086 
 2454363.854125 15.81748 0.02154 
 2454363.858831 15.81153 0.02198 
 2454363.863537 15.82850 0.02132 
 2454363.868243 15.85630 0.02148 
 2454363.872950 15.81404 0.02116 
 2454363.877657 15.78813 0.02159 
 2454363.882363 15.82065 0.02130 
 2454363.887069 15.83155 0.02086 
 2454363.891778 15.83978 0.02072 
 2454363.896484 15.79847 0.02062 
 2454378.765906 15.83428 0.02613 
 2454378.770608 15.77854 0.02360 
 2454378.775311 15.93919 0.02233 
 2454378.780859 15.80097 0.02903 
 2454378.797505 15.81635 0.02372 
 2454378.809105 15.71353 0.01912 
 2454378.818509 15.77098 0.02329 
 2454378.823212 15.84454 0.02233 
 2454378.827915 15.79394 0.02290 
 2454378.832617 15.82426 0.02169 
 2454379.773070 15.84737 0.02597 
 2454379.806037 15.78335 0.02810 
 2454380.762093 15.80539 0.02272 
 2454380.766800 15.86750 0.02766 
 2454380.771508 15.80227 0.02391 
 2454380.777064 15.79811 0.02605 
 2454381.779066 15.79604 0.02313 
 2454381.784615 15.75019 0.02257 
 2454381.786813 15.77867 0.02277 
 2454381.791515 15.80032 0.02274 
 2454381.796219 15.80543 0.02268 
 2454381.800916 15.77537 0.02244 
 2454381.805627 15.79514 0.02241 
 2454381.810330 15.82628 0.02208 
 2454381.815033 15.81164 0.02174 
 2454381.819732 15.79975 0.02162 
 2454381.824441 15.83523 0.02059 
 2454381.829146 15.79961 0.02050 
 2454381.833847 15.78967 0.02012 
 2454381.838551 15.80682 0.01935 
 2454381.843251 15.79652 0.02021 
 2454381.847952 15.80486 0.02045 
 2454382.751319 15.81058 0.02195 
 2454382.756025 15.82968 0.02260 
 2454382.760732 15.83927 0.02220 
 2454382.765439 15.76935 0.02271 
 2454382.770993 15.78493 0.02272 
 2454382.776546 15.80293 0.02335 
 2454382.782100 15.76824 0.02278 
 2454382.784301 15.80335 0.02289 
 2454382.788993 15.76025 0.02299 
 2454382.793715 15.82515 0.02255 
 2454382.798423 15.78836 0.02245 
 2454382.803131 15.79586 0.02265 
 2454382.807831 15.83521 0.02343 
 2454382.812544 15.84077 0.02262 
 2454382.817254 15.79469 0.02234 
 2454382.821958 15.80352 0.02296 
 2454382.826661 15.83401 0.02296 
 2454382.831360 15.78887 0.02203 
 2454382.836075 15.77334 0.02274 
 2454382.840783 15.78749 0.02223 
 2454382.845490 15.78446 0.02188 
 2454384.750297 15.83515 0.02232 
 2454384.755005 15.78229 0.02261 
 2454384.759711 15.77684 0.02229 
 2454384.765260 15.78178 0.02247 
 2454384.770812 15.82331 0.02239 
 2454384.776365 15.82712 0.02281 
 2454384.778567 15.79820 0.02269 
 2454384.783271 15.78097 0.02278 
 2454384.787967 15.80414 0.02269 
 2454384.792683 15.82202 0.02237 
 2454384.797387 15.78306 0.02232 
 2454384.802095 15.83520 0.02234 
 2454384.806796 15.79978 0.02199 
 2454384.811514 15.78918 0.02167 
 2454384.816221 15.78687 0.02195 
 2454384.820929 15.77878 0.02213 
 2454384.825627 15.82737 0.02116 
 2454384.830340 15.77581 0.02211 
 2454384.835048 15.82823 0.02185 
 2454384.839752 15.81071 0.02185 
 2454385.743899 15.81679 0.02076 
 2454385.748603 15.79113 0.02029 
 2454385.753306 15.79529 0.02043 
 2454385.758009 15.80838 0.02051 
 2454385.763558 15.73717 0.02038 
 2454385.769108 15.80026 0.02020 
 2454385.774655 15.81852 0.02010 
 2454385.776852 15.79039 0.02007 
 2454385.781557 15.76871 0.02051 
 2454385.786263 15.81053 0.02063 
 2454385.790966 15.82269 0.02050 
 2454385.795669 15.78003 0.02050 
 2454385.800373 15.75342 0.02086 
 2454385.805077 15.76577 0.02040 
 2454385.809781 15.78595 0.02007 
 2454385.814483 15.83559 0.02001 
 2454385.819185 15.80060 0.02003 
 2454385.823889 15.78223 0.02071 
 2454385.828592 15.81314 0.02037 
 2454385.833294 15.79891 0.02024 
 2454385.837995 15.78715 0.02058 
 2454386.745160 15.75837 0.02131 
 2454386.749862 15.75685 0.02134 
 2454386.754565 15.75265 0.02146 
 2454386.760115 15.75193 0.02133 
 2454386.765664 15.76362 0.02199 
 2454386.771214 15.76871 0.02190 
 2454386.773414 15.78652 0.02184 
 2454386.778118 15.74625 0.02183 
 2454386.782821 15.75801 0.02186 
 2454386.787524 15.73947 0.02254 
 2454386.792229 15.74914 0.02242 
 2454386.796932 15.78780 0.02216 
 2454386.801636 15.73697 0.02193 
 2454386.806339 15.73819 0.02161 
 2454386.811044 15.76381 0.02111 
 2454386.815747 15.75332 0.02195 
 2454386.820449 15.72834 0.02157 
 2454386.825156 15.76032 0.02099 
 2454386.829860 15.76321 0.02168 
 2454386.834564 15.75732 0.02147 
 2454387.733040 15.72568 0.02218 
 2454387.737743 15.77960 0.02167 
 2454387.742444 15.71540 0.02182 
 2454387.747149 15.76075 0.02238 
 2454387.751851 15.74278 0.02488 
 2454387.757397 15.73845 0.02184 
 2454387.762948 15.71112 0.02198 
 2454387.765146 15.75342 0.02207 
 2454387.769850 15.75241 0.02189 
 2454387.774555 15.73896 0.02191 
 2454387.779259 15.74371 0.02170 
 2454387.783962 15.74817 0.02187 
 2454387.788664 15.74713 0.02125 
 2454387.793368 15.76649 0.02122 
 2454387.798070 15.77042 0.02115 
 2454387.802774 15.72250 0.02140 
 2454387.807479 15.77769 0.02134 
 2454387.812186 15.74169 0.02129 
 2454387.816891 15.73673 0.02096 
 2454387.821585 15.76659 0.02105 
 2454387.826296 15.74962 0.02080 
 2454387.831000 15.73640 0.02133 
 2454388.733636 15.76140 0.02287 
 2454388.738346 15.74350 0.02323 
 2454388.743059 15.79271 0.02584 
 2454388.747772 15.80807 0.02702 
 2454388.752475 15.79625 0.02696 
 2454388.758039 15.75073 0.02238 
 2454388.763599 15.74779 0.02217 
 2454388.765801 15.75611 0.02211 
 2454388.770504 15.75328 0.02235 
 2454388.775225 15.77259 0.02206 
 2454388.779936 15.76365 0.02227 
 2454388.784648 15.80740 0.02205 
 2454388.789349 15.79175 0.02193 
 2454388.794068 15.80308 0.02200 
 2454388.798780 15.75486 0.02172 
 2454388.803490 15.76756 0.02215 
 2454388.808191 15.75901 0.02205 
 2454388.812911 15.78030 0.02187 
 2454388.817621 15.75540 0.02162 
 2454388.822331 15.76354 0.02083 
 2454388.827019 15.78875 0.02041 
 2454389.731673 15.75105 0.02360 
 2454389.736362 15.74162 0.02331 
 2454389.741049 15.73471 0.02700 
 2454389.745735 15.77350 0.02688 
 2454389.751266 15.74773 0.02302 
 2454389.756799 15.74794 0.02271 
 2454389.758989 15.78243 0.02284 
 2454389.763676 15.77013 0.02305 
 2454389.768363 15.73809 0.02283 
 2454389.773051 15.81369 0.02215 
 2454389.777737 15.77002 0.02265 
 2454389.782423 15.75995 0.02238 
 2454389.787110 15.82307 0.02228 
 2454389.791796 15.77868 0.02229 
 2454389.796483 15.76806 0.02292 
 2454389.801171 15.77288 0.02255 
 2454389.805858 15.78551 0.02245 
 2454389.810547 15.81292 0.02247 
 2454389.815235 15.73414 0.02197 
 2454389.819921 15.76203 0.02215 
 2454389.824608 15.78036 0.02235 
 2454390.726916 15.76294 0.02360 
 2454390.731614 15.74959 0.02340 
 2454390.736330 15.76044 0.02329 
 2454390.741036 15.75150 0.02339 
 2454390.745734 15.75690 0.02376 
 2454390.751294 15.72375 0.02305 
 2454390.756845 15.73404 0.02290 
 2454390.759045 15.72618 0.02299 
 2454390.763750 15.78239 0.02280 
 2454390.768458 15.74833 0.02240 
 2454390.773163 15.75145 0.02223 
 2454390.777869 15.75271 0.02302 
 2454390.782573 15.74134 0.02299 
 2454390.787272 15.75183 0.02247 
 2454390.791986 15.74631 0.02331 
 2454390.796693 15.73399 0.02329 
 2454390.801392 15.70450 0.02230 
 2454390.806102 15.73130 0.02219 
 2454390.810809 15.79463 0.02286 
 2454390.815514 15.76707 0.02223 
 2454390.820199 15.71543 0.02250 
 2454390.824924 15.76588 0.02300 
 2454391.726323 16.08959 0.02168 
 2454391.731039 16.08650 0.02105 
 2454391.735750 16.04272 0.02097 
 2454391.740455 16.10706 0.02102 
 2454391.746010 16.05243 0.02108 
 2454391.751566 16.06368 0.02113 
 2454391.757124 16.02959 0.02120 
 2454391.759326 16.02106 0.02100 
 2454391.764032 15.97382 0.02116 
 2454391.768746 15.97171 0.02070 
 2454391.773458 16.01076 0.02087 
 2454391.778167 16.03287 0.02091 
 2454391.782877 15.98558 0.02096 
 2454391.787580 16.02714 0.02098 
 2454391.792299 16.02653 0.02123 
 2454391.797007 15.95116 0.02147 
 2454391.801716 15.96488 0.02150 
 2454391.806418 15.97019 0.02151 
 2454391.811134 15.93244 0.02189 
 2454391.815844 15.87809 0.02177 
 2454391.820555 15.94650 0.02147 
 2454392.726752 15.78002 0.02469 
 2454392.731469 15.80744 0.02419 
 2454392.736180 15.76595 0.02408 
 2454392.740891 15.81526 0.02361 
 2454392.746448 15.78506 0.02358 
 2454392.752004 15.76605 0.02268 
 2454392.754206 15.80974 0.02272 
 2454392.758915 15.81126 0.02183 
 2454392.763616 15.79558 0.02152 
 2454392.768334 15.81527 0.02080 
 2454392.773043 15.80400 0.02093 
 2454392.777753 15.83194 0.02112 
 2454392.782454 15.81517 0.02065 
 2454392.787158 15.78902 0.02054 
 2454392.791880 15.79131 0.02116 
 2454392.796589 15.80164 0.02084 
 2454392.801290 15.77128 0.02049 
 2454392.806007 15.77536 0.02118 
 2454392.810719 15.82184 0.02057 
 2454392.815432 15.80141 0.02045 
 2454393.720406 15.76088 0.02881 
 2454393.725116 15.73837 0.02822 
 2454393.729818 15.77574 0.02885 
 2454393.734533 15.76000 0.02797 
 2454393.739243 15.71951 0.02793 
 2454393.744799 15.68167 0.02763 
 2454393.750356 15.75855 0.02691 
 2454393.752552 15.72179 0.02733 
 2454393.757268 15.75710 0.02679 
 2454393.761979 15.77632 0.02652 
 2454393.766681 15.73530 0.02636 
 2454393.771399 15.72614 0.02554 
 2454393.776111 15.73128 0.02562 
 2454393.780822 15.74403 0.02573 
 2454393.785522 15.73277 0.02530 
 2454393.790240 15.75403 0.02496 
 2454393.794951 15.75944 0.02543 
 2454393.799660 15.76797 0.02441 
 2454393.804369 15.76848 0.02469 
 2454393.809069 15.76270 0.02444 
 2454393.813790 15.73733 0.02328 
 2454394.710935 15.71707 0.03548 
 2454394.715643 15.73121 0.03573 
 2454394.720351 15.72962 0.03442 
 2454394.725051 15.72411 0.03537 
 2454394.729771 15.75832 0.03441 
 2454394.734481 15.71312 0.03446 
 2454394.740036 15.67426 0.03001 
 2454394.742233 15.74802 0.03052 
 2454394.746948 15.71582 0.02984 
 2454394.751655 15.72955 0.02983 
 2454394.756362 15.71909 0.02935 
 2454394.761072 15.71307 0.02888 
 2454394.765783 15.73427 0.02941 
 2454394.770491 15.71674 0.02912 
 2454394.775192 15.72557 0.02980 
 2454394.779911 15.70485 0.03010 
 2454394.784621 15.70366 0.02976 
 2454394.789330 15.71973 0.02867 
 2454394.794033 15.74117 0.02865 
 2454394.798750 15.72488 0.02923 
 2454394.803462 15.73039 0.02852 
 2454394.808172 15.70718 0.02811 
 2454394.812879 15.71414 0.02825 
 2454403.704627 15.73685 0.03764 
 2454403.752412 15.77929 0.03275 
 2454403.754614 15.76259 0.03292 
 2454403.756815 15.75532 0.03246 
 2454403.759017 15.80070 0.03166 
 2454403.761212 15.78839 0.03195 
 2454403.763420 15.74825 0.03257 
 2454403.765623 15.75192 0.03243 
 2454403.767824 15.81329 0.03215 
 2454403.770026 15.69339 0.03178 
 2454403.772227 15.74690 0.03213 
 2454403.774429 15.77482 0.03250 
 2454403.776630 15.77709 0.03181 
 2454404.695361 15.75378 0.02804 
 2454404.704778 15.73945 0.02815 
 2454404.710332 15.75350 0.02553 
 2454404.733052 15.73605 0.02519 
 2454404.737761 15.77308 0.02717 
 2454404.742471 15.72848 0.02637 
 2454404.747179 15.75175 0.02600 
 2454404.751885 15.72436 0.02682 
 2454404.756594 15.74862 0.02715 
 2454404.761303 15.75629 0.02600 
 2454404.766010 15.76688 0.02689 
 2454404.770717 15.74468 0.02805 
 2454404.775424 15.71633 0.02628 
 2454404.780131 15.75925 0.02795 
 2454405.691029 15.73463 0.03139 
 2454405.695737 15.69751 0.03004 
 2454405.700445 15.78523 0.02864 
 2454405.705153 15.78108 0.02918 
 2454405.710706 15.70415 0.02585 
 2454405.716259 15.76001 0.02595 
 2454405.721815 15.73741 0.02564 
 2454405.724017 15.71733 0.02500 
 2454405.728724 15.72251 0.02560 
 2454405.733432 15.76739 0.02480 
 2454405.738140 15.71333 0.02542 
 2454405.742847 15.72516 0.02429 
 2454405.747554 15.75835 0.02411 
 2454405.752259 15.73553 0.02518 
 2454405.756966 15.76407 0.02519 
 2454405.761674 15.73970 0.02578 
 2454405.766381 15.72401 0.02551 
 2454405.771087 15.69023 0.02530 
 2454405.775796 15.77686 0.02639 
 2454405.780503 15.71263 0.02837 
 2454407.693365 15.72699 0.02797 
 2454407.698072 15.71684 0.02755 
 2454407.703625 15.72858 0.02299 
 2454407.709175 15.74488 0.02310 
 2454407.714729 15.73931 0.02292 
 2454407.716929 15.71007 0.02296 
 2454407.721637 15.72770 0.02264 
 2454407.726343 15.70996 0.02240 
 2454407.731049 15.74802 0.02193 
 2454407.735756 15.72860 0.02194 
 2454407.740464 15.71617 0.02153 
 2454407.745172 15.75021 0.02207 
 2454407.749880 15.73459 0.02278 
 2454407.754588 15.69399 0.02241 
 2454407.759297 15.73621 0.02263 
 2454407.764003 15.71599 0.02292 
 2454407.768713 15.71587 0.02131 
 2454407.773422 15.70900 0.02221 
 2454407.778132 15.72704 0.02274 
 2454408.685021 15.71947 0.02822 
 2454408.689735 15.73071 0.02473 
 2454408.699996 15.72407 0.02506 
 2454408.705549 15.69918 0.02488 
 2454408.711100 15.68356 0.02499 
 2454408.713300 15.73285 0.02441 
 2454408.718007 15.71315 0.02364 
 2454408.722712 15.72948 0.02451 
 2454408.727418 15.73735 0.02399 
 2454408.732127 15.70249 0.02437 
 2454408.736834 15.70361 0.02393 
 2454408.741541 15.73800 0.02377 
 2454408.746247 15.71257 0.02412 
 2454408.750952 15.73456 0.02314 
 2454408.755659 15.73505 0.02383 
 2454408.760367 15.72913 0.02308 
 2454408.765076 15.73888 0.02284 
 2454408.769785 15.70699 0.02354 
 2454408.774492 15.70966 0.02378 
 2454409.678668 15.76041 0.02405 
 2454409.683381 15.73285 0.02401 
 2454409.688090 15.76916 0.02366 
 2454409.692797 15.73556 0.02360 
 2454409.698352 15.67630 0.02363 
 2454409.703910 15.68765 0.02336 
 2454409.709467 15.75528 0.02293 
 2454409.711670 15.73253 0.02311 
 2454409.716378 15.72199 0.02279 
 2454409.721079 15.76996 0.02287 
 2454409.725796 15.73213 0.02319 
 2454409.730504 15.72976 0.02277 
 2454409.735213 15.73505 0.02333 
 2454409.739922 15.72000 0.02347 
 2454409.744631 15.72578 0.02245 
 2454409.749340 15.74101 0.02205 
 2454409.754051 15.75008 0.02304 
 2454409.758761 15.74656 0.02220 
 2454409.763460 15.72741 0.02319 
 2454409.768179 15.77439 0.02290 
 2454409.772889 15.77685 0.02253 
 2454410.683736 15.77895 0.02412 
 2454410.688450 15.72917 0.02333 
 2454410.694003 15.74567 0.02353 
 2454410.699556 15.74397 0.02320 
 2454410.705109 15.78434 0.02652 
 2454410.707311 15.70683 0.02566 
 2454410.712018 15.76550 0.02368 
 2454410.721433 15.72781 0.02611 
 2454410.726143 15.76883 0.02433 
 2454410.730852 15.70677 0.02384 
 2454410.735559 15.75669 0.02481 
 2454410.740269 15.75783 0.02310 
 2454410.744977 15.74354 0.02275 
 2454410.768504 15.72023 0.02743 
 2454411.672672 15.77193 0.02345 
 2454411.677371 15.71904 0.02381 
 2454411.682090 15.75418 0.02344 
 2454411.686800 15.70372 0.02361 
 2454411.692354 15.70415 0.02331 
 2454411.697909 15.71524 0.02311 
 2454411.703460 15.75025 0.02260 
 2454411.705661 15.74493 0.02248 
 2454411.710368 15.75013 0.02220 
 2454411.715066 15.73414 0.02182 
 2454411.719784 15.75092 0.02177 
 2454411.724492 15.76180 0.02151 
 2454411.729199 15.75076 0.02152 
 2454411.733898 15.72911 0.02150 
 2454411.738615 15.72154 0.02084 
 2454411.743320 15.76257 0.02083 
 2454411.748028 15.73296 0.02107 
 2454411.752728 15.73817 0.02028 
 2454412.683138 15.76757 0.02211 
 2454412.711407 15.74573 0.02235 
 2454412.716104 15.73058 0.02180 
 2454412.720821 15.76277 0.02160 
 2454412.725529 15.73079 0.02189 
 2454412.730234 15.69554 0.02187 
 2454412.734909 15.74768 0.02101 
 2454412.739650 15.70025 0.02116 
 2454412.744357 15.71210 0.02090 
 2454412.749064 15.80464 0.02105 
 2454412.753763 15.72818 0.02214 
 2454412.758477 15.74226 0.02156 
 2454412.763184 15.70790 0.02190 
 2454413.667371 15.76547 0.02373 
 2454413.672081 15.75045 0.02357 
 2454413.676782 15.72428 0.02341 
 2454413.681495 15.75390 0.02317 
 2454413.687049 15.72026 0.02286 
 2454413.692602 15.74498 0.02210 
 2454413.698157 15.72648 0.02216 
 2454413.700358 15.70043 0.02192 
 2454413.705066 15.73719 0.02166 
 2454413.709776 15.71672 0.02182 
 2454413.714484 15.72815 0.02177 
 2454413.719182 15.75056 0.02161 
 2454413.723900 15.75703 0.02168 
 2454413.728610 15.71655 0.02176 
 2454413.733319 15.72632 0.02100 
 2454413.738018 15.72165 0.02110 
 2454413.742734 15.74254 0.02095 
 2454413.747445 15.73752 0.02077 
 2454413.752153 15.72467 0.02172 
 2454413.756862 15.78317 0.02138 
 2454413.761563 15.75489 0.02108 
 2454414.668427 15.73509 0.02403 
 2454414.673136 15.66634 0.02789 
 2454414.677844 15.67156 0.02816 
 2454414.683399 15.71872 0.02370 
 2454414.688954 15.67539 0.02384 
 2454414.721094 15.73297 0.02002 
 2454414.725804 15.73680 0.02260 
 2454414.730505 15.66753 0.02868 
 2454414.735223 15.71066 0.02347 
 2454414.744637 15.74232 0.02200 
 2454414.749339 15.75278 0.02455 
 2454414.754056 15.73616 0.02319 
 2454414.758764 15.71104 0.02284 
 2454415.676167 15.84565 0.02861 
 2454415.681723 16.30745 0.11504 
 2454415.687277 15.89809 0.02006 
 2454415.692832 15.91146 0.02147 
 2454415.695033 15.91182 0.01989 
 2454415.699741 15.90630 0.02102 
 2454415.704440 15.92389 0.02093 
 2454415.709157 15.93490 0.02057 
 2454415.713867 15.88732 0.02055 
 2454415.718576 15.90516 0.02040 
 2454415.723282 15.89340 0.02011 
 2454415.727985 15.88397 0.02034 
 2454415.732705 15.89740 0.02015 
 2454415.737415 15.88392 0.01959 
 2454415.742113 15.87373 0.01940 
 2454416.669414 15.76795 0.02451 
 2454416.673930 15.73391 0.02522 
 2454416.679291 15.73281 0.02070 
 2454416.684651 15.78336 0.02075 
 2454416.690009 15.71510 0.02064 
 2454416.695369 15.70416 0.02062 
 2454416.700728 15.71471 0.01998 
 2454416.702824 15.70287 0.02008 
 2454416.707352 15.74126 0.02040 
 2454416.711862 15.77865 0.02052 
 2454416.716380 15.71612 0.02010 
 2454416.720892 15.71958 0.01929 
 2454416.725406 15.74549 0.01973 
 2454416.729920 15.71135 0.02027 
 2454416.734434 15.76052 0.01974 
 2454416.738948 15.73069 0.02050 
 2454416.743453 15.73128 0.01932 
 2454416.747973 15.71235 0.01910 
 2454416.752480 15.72662 0.01949 
 2454417.659297 15.73932 0.02327 
 2454417.663808 15.74037 0.02422 
 2454417.668322 15.68477 0.02441 
 2454417.672836 15.72924 0.02430 
 2454417.678198 15.67405 0.02396 
 2454417.683551 15.73364 0.02351 
 2454417.685655 15.69066 0.02372 
 2454417.690170 15.69831 0.02399 
 2454417.694685 15.71470 0.02338 
 2454417.699201 15.69046 0.02340 
 2454417.703716 15.74240 0.02403 
 2454417.717256 15.75534 0.02193 
 2454417.721768 15.75251 0.02262 
 2454417.726282 15.71556 0.02204 
 2454417.730795 15.68853 0.02200 
 2454417.735307 15.68877 0.02280 
 2454417.739820 15.70723 0.02215 
 2454417.744334 15.69704 0.02165 
 2454417.748847 15.71341 0.02178 
 2454418.653183 15.70021 0.02398 
 2454418.657705 15.69365 0.02390 
 2454418.662213 15.70147 0.02375 
 2454418.666731 15.66253 0.02362 
 2454418.672092 15.65376 0.02311 
 2454418.677452 15.67419 0.02335 
 2454418.682811 15.66269 0.02277 
 2454418.684912 15.67774 0.02327 
 2454418.689425 15.68591 0.02257 
 2454418.693939 15.73054 0.02279 
 2454418.698448 15.68050 0.02288 
 2454418.702967 15.71539 0.02261 
 2454418.707470 15.66362 0.02244 
 2454418.711994 15.68893 0.02256 
 2454418.716508 15.66877 0.02244 
 2454418.721021 15.66359 0.02227 
 2454418.725535 15.67805 0.02235 
 2454418.730047 15.68762 0.02114 
 2454418.734561 15.69122 0.02175 
 2454418.739070 15.66557 0.02096 
 2454418.743588 15.71724 0.02120 
 2454418.748096 15.66487 0.02200 
 2454419.654272 15.71967 0.02338 
 2454419.658789 15.70818 0.02296 
 2454419.663302 15.73341 0.02229 
 2454419.667814 15.72739 0.02254 
 2454419.673173 15.69045 0.02204 
 2454419.678533 15.69683 0.02120 
 2454419.680634 15.72884 0.02132 
 2454419.685149 15.72849 0.02087 
 2454419.689664 15.74198 0.02121 
 2454419.694177 15.69454 0.02133 
 2454419.698691 15.71006 0.02128 
 2454419.703205 15.70125 0.02083 
 2454419.707719 15.67327 0.02129 
 2454419.712233 15.69718 0.02086 
 2454419.716746 15.71834 0.02013 
 2454419.721259 15.68220 0.02039 
 2454419.725772 15.70005 0.01955 
 2454419.730286 15.72203 0.01990 
 2454419.734800 15.73921 0.01980 
 2454419.739312 15.74207 0.02023 
 2454419.743826 15.70515 0.02031 
 2454421.649120 15.85980 0.02703 
 2454421.653632 15.85629 0.03059 
 2454421.658145 15.85601 0.02777 
 2454421.662660 15.83148 0.03144 
 2454421.668022 15.88226 0.02691 
 2454421.673379 15.79650 0.02633 
 2454421.675482 15.82168 0.02658 
 2454421.679996 15.78145 0.02612 
 2454421.684510 15.88136 0.02610 
 2454421.689025 15.85789 0.02604 
 2454421.693538 15.82601 0.02609 
 2454421.698051 15.84742 0.02642 
 2454421.702565 15.86916 0.02613 
 2454421.707078 15.85358 0.02644 
 2454421.711590 15.86080 0.02618 
 2454421.716103 15.80208 0.02593 
 2454421.720615 15.83638 0.02537 
 2454421.725123 15.81837 0.02548 
 2454421.729642 15.87433 0.02453 
 2454421.734156 15.82682 0.02496 
 2454421.738671 15.88967 0.02550 
 2454422.645875 15.76572 0.03052 
 2454422.647981 15.75820 0.02933 
 2454422.650087 15.76487 0.02962 
 2454422.652193 15.77560 0.02962 
 2454422.654298 15.77873 0.02886 
 2454422.656404 15.77690 0.02707 
 2454422.658508 15.80834 0.02696 
 2454422.660611 15.73776 0.02694 
 2454422.662717 15.74713 0.02786 
 2454422.664825 15.80281 0.02906 
 2454422.666933 15.78920 0.02778 
 2454422.669037 15.80524 0.02654 
 2454422.671144 15.77577 0.02694 
 2454422.673249 15.78434 0.02662 
 2454422.677774 15.79832 0.02651 
 2454422.682288 15.77845 0.02688 
 2454422.686795 15.77998 0.02673 
 2454422.691317 15.77452 0.02719 
 2454422.695823 15.78953 0.02650 
 2454422.700343 15.82834 0.02623 
 2454422.704850 15.81082 0.02691 
 2454422.709370 15.80880 0.02729 
 2454422.713880 15.76369 0.02564 
 2454422.718396 15.83079 0.02654 
 2454422.722907 15.74374 0.02585 
 2454422.727423 15.78264 0.02499 
 2454422.731926 15.79611 0.02614 
 2454422.736448 15.78382 0.02654 
 2454432.591013 15.88294 0.02511 
 2454433.590954 16.36493 0.02475 
 2454433.595535 16.34746 0.02455 
 2454433.600099 16.42602 0.02379 
 2454433.604678 16.42683 0.02405 
 2454433.609256 16.49340 0.02412 
 2454433.613841 16.46673 0.02235 
 2454433.618406 16.57436 0.02487 
 2454433.622974 16.50110 0.02329 
 2454433.627574 16.52228 0.02319 
 2454433.633000 16.45203 0.02295 
 2454433.638421 16.50971 0.02168 
 2454433.643780 16.56462 0.02209 
 2454433.645886 16.64000 0.02216 
 2454433.650402 16.63361 0.02172 
 2454433.654916 16.59187 0.02205 
 2454433.659429 16.59260 0.02212 
 2454433.663944 16.66920 0.02178 
 2454433.668449 16.62103 0.02178 
 2454433.672970 16.66145 0.02147 
 2454437.586107 15.71820 0.02175 
 2454437.590618 15.74037 0.02204 
 2454437.595130 15.73724 0.02165 
 2454437.599644 15.72715 0.02150 
 2454437.604157 15.72954 0.02144 
 2454437.608663 15.74212 0.02120 
 2454437.613182 15.75569 0.02129 
 2454437.617695 15.69607 0.02351 
 2454437.623058 15.69857 0.02090 
 2454437.628417 15.73994 0.02059 
 2454437.633774 15.72852 0.02018 
 2454437.635876 15.71731 0.02031 
 2454437.640392 15.76412 0.02003 
 2454437.644904 15.72180 0.02025 
 2454437.649419 15.71996 0.01990 
 2454437.653931 15.72483 0.02049 
 2454437.658443 15.72144 0.02063 
 2454437.662959 15.69440 0.02022 
 2454437.667471 15.73462 0.01983 
 2454437.671984 15.72866 0.01964 
 2454437.676497 15.73669 0.01909 
 2454437.681011 15.74219 0.01947 
 2454437.685524 15.71591 0.01956 
 2454437.690034 15.72123 0.01985 
 2454437.694549 15.74570 0.01968 
 2454438.586139 15.79256 0.02211 
 2454438.590725 15.79075 0.02193 
 2454438.595293 15.80393 0.02218 
 2454438.599878 15.76286 0.02164 
 2454438.604430 15.79337 0.02153 
 2454438.609019 15.79108 0.02186 
 2454438.613577 15.78987 0.02123 
 2454438.619011 15.75519 0.02095 
 2454438.624428 15.79670 0.02092 
 2454438.629839 15.80370 0.02104 
 2454438.631981 15.75953 0.02137 
 2454438.636560 15.80507 0.02096 
 2454438.641104 15.79812 0.02123 
 2454438.645682 15.76327 0.02109 
 2454438.650236 15.79440 0.02146 
 2454438.654820 15.74536 0.02130 
 2454438.659365 15.76692 0.02123 
 2454438.663978 15.73561 0.02094 
 2454438.668557 15.76813 0.02099 
 2454438.673125 15.75920 0.02091 
 2454438.677702 15.77638 0.02119 
 2454438.682230 15.78385 0.02140 
 2454438.686806 15.77127 0.02148 
 2454438.691346 15.76072 0.02159 
 2454439.586099 15.83141 0.02105 
 2454439.590696 15.83359 0.02117 
 2454439.595294 15.82330 0.02065 
 2454439.599889 15.80787 0.02119 
 2454439.604481 15.84520 0.02074 
 2454439.609090 15.78336 0.02122 
 2454439.614525 15.76207 0.02133 
 2454439.619960 15.82187 0.02099 
 2454439.625408 15.82713 0.02105 
 2454439.630875 15.79903 0.02085 
 2454439.633033 15.85133 0.02080 
 2454439.637604 15.81482 0.02089 
 2454439.642176 15.82403 0.02067 
 2454439.646747 15.80211 0.02084 
 2454439.651353 15.83168 0.02025 
 2454439.655958 15.85109 0.02098 
 2454439.660555 15.83818 0.02112 
 2454439.665148 15.83557 0.02057 
 2454439.669737 15.83076 0.02070 
 2454439.674297 15.84595 0.02065 
 2454439.678860 15.82289 0.02011 
 2454439.683436 15.84171 0.02008 
 2454439.688011 15.84287 0.02024 
 2454447.587017 15.71032 0.02173 
 2454447.592461 15.74387 0.02068 
 2454447.597894 15.76296 0.02062 
 2454447.603315 15.75140 0.02062 
 2454447.608740 15.75365 0.02089 
 2454447.610880 15.75317 0.02084 
 2454447.615466 15.76860 0.02080 
 2454447.620053 15.79503 0.02072 
 2454447.624634 15.74241 0.02123 
 2454447.629229 15.76079 0.02036 
 2454447.633812 15.73955 0.02086 
 2454447.638368 15.70379 0.02110 
 2454447.642956 15.73944 0.02065 
 2454447.647540 15.74582 0.02089 
 2454447.652122 15.75171 0.02096 
 2454447.656701 15.76560 0.02022 
 2454447.661286 15.77589 0.01986 
 2454447.665864 15.76319 0.02041 
 2454448.586974 15.78196 0.02555 
 2454448.592417 15.73911 0.02126 
 2454448.597857 15.71735 0.02055 
 2454448.603297 15.80459 0.02426 
 2454448.605443 15.81090 0.02165 
 2454448.614647 15.72563 0.02171 
 2454448.619244 15.75236 0.02145 
 2454448.623851 15.72364 0.02114 
 2454448.628452 15.76497 0.02087 
 2454448.633038 15.74645 0.02101 
 2454448.637656 15.79885 0.02126 
 2454448.642281 15.77536 0.02083 
 2454448.646862 15.72232 0.02059 
 2454448.651442 15.73961 0.02153 
 2454448.656039 15.76979 0.02062 
 2454448.660643 15.71487 0.02093 
 2454448.665249 15.74626 0.02102 
 2454449.585676 15.78289 0.02296 
 2454449.587820 15.75324 0.02278 
 2454449.589964 15.69658 0.02336 
 2454449.592115 15.74184 0.02325 
 2454449.594260 15.77631 0.02334 
 2454449.596398 15.72644 0.02317 
 2454449.598540 15.69763 0.02313 
 2454449.600681 15.76851 0.02295 
 2454449.605279 15.76489 0.02288 
 2454449.609862 15.73731 0.02283 
 2454449.614456 15.73077 0.02219 
 2454449.619059 15.76207 0.02254 
 2454449.623647 15.71265 0.02227 
 2454449.628247 15.74546 0.02156 
 2454449.632841 15.77953 0.02175 
 2454449.637471 15.75472 0.02227 
 2454449.642061 15.75026 0.02249 
 2454449.646639 15.72037 0.02257 
 2454449.651213 15.75366 0.02279 
 2454449.655808 15.75239 0.02226 
 2454449.660409 15.79091 0.02177 
 2454450.585589 15.80078 0.02361 
 2454450.587691 15.71586 0.02390 
 2454450.589849 15.74023 0.02390 
 2454450.591991 15.71301 0.02375 
 2454450.594123 15.67233 0.02415 
 2454450.596264 15.74583 0.02351 
 2454450.598397 15.74349 0.02368 
 2454450.602971 15.73029 0.02372 
 2454450.607543 15.71112 0.02416 
 2454450.612106 15.74669 0.02355 
 2454450.616699 15.76767 0.02361 
 2454450.621271 15.71930 0.02360 
 2454450.625855 15.70609 0.02340 
 2454450.630416 15.75097 0.02265 
 2454450.634989 15.69658 0.02324 
 2454450.639575 15.70122 0.02312 
 2454450.644143 15.76430 0.02347 
 2454450.648701 15.74910 0.02403 
 2454450.653248 15.72886 0.02332 
 2454450.657843 15.76906 0.02329 
 2454461.585704 16.86817 0.02276 
 2454461.587812 16.86014 0.02168 
 2454461.592322 16.79775 0.02133 
 2454461.596829 16.92527 0.02213 
 2454461.601350 16.88311 0.02244 
 2454461.605857 16.87886 0.02197 
 2454461.610381 16.96111 0.02184 
 2454461.614886 16.89305 0.02065 
 2454461.619408 16.93941 0.02117 
 2454461.623914 16.94670 0.02149 
 2454462.586318 16.20372 0.02096 
 2454462.588424 16.14821 0.02263 
 2454462.592941 16.14477 0.02187 
 2454462.597456 16.13920 0.02295 
 2454462.601968 16.19242 0.02138 
 2454462.606475 16.11051 0.02107 
 2454462.610995 16.18171 0.02091 
 2454462.615499 16.11835 0.02080 
 2454462.620021 16.12626 0.02175 
 2454462.624533 16.06297 0.02217 
 2454463.586233 16.54943 0.02354 
 2454463.588335 16.54099 0.02010 
 2454463.592849 16.50507 0.02125 
 2454463.597362 16.48756 0.02177 
 2454463.601874 16.43242 0.02130 
 2454463.606385 16.46140 0.02083 
 2454463.610900 16.50864 0.02055 
 2454463.615413 16.50267 0.02074 
 2454463.619925 16.40965 0.02034 
 2454464.589024 15.98019 0.02315 
 2454464.593537 15.91931 0.02343 
 2454464.598050 15.99635 0.02399 
 2454464.602564 15.92418 0.02176 
 2454464.607078 15.94919 0.02216 
 2454464.611590 15.97870 0.02170 
 2454464.616103 15.96266 0.02080 
 2454464.620614 15.93199 0.02156 
 2454465.586773 15.77627 0.02123 
 2454465.588928 15.76681 0.02114 
 2454465.593441 15.76443 0.02029 
 2454465.597955 15.73251 0.02038 
 2454465.602468 15.75423 0.02046 
 2454465.606979 15.74750 0.02126 
 2454465.611493 15.78650 0.02114 
 2454465.616006 15.74721 0.02149 
 2454731.719925 15.80255 0.02467 
 2454731.744746 15.73347 0.02315 
 2454731.757156 15.73933 0.02311 
 2454731.767224 15.74310 0.02355 
 2454731.787365 15.75979 0.02538 
 2454731.797432 15.73853 0.02686 
 2454731.807518 15.70115 0.02555 
 2454731.815342 15.71031 0.02606 
 2454731.823161 15.76929 0.02526 
 2454731.833323 15.76159 0.02585 
 2454731.843482 15.70895 0.02569 
 2454731.853641 15.74882 0.02620 
 2454731.863797 15.74700 0.02575 
 2454731.873955 15.75002 0.02567 
 2454732.712980 15.79967 0.02138 
 2454732.727725 15.82727 0.02097 
 2454732.740141 15.76406 0.02088 
 2454732.752550 15.76791 0.02076 
 2454732.764959 15.80729 0.02004 
 2454732.775018 15.78373 0.02017 
 2454732.785085 15.77624 0.02059 
 2454732.795167 15.83162 0.02107 
 2454732.805231 15.81817 0.02062 
 2454732.813057 15.80094 0.02102 
 2454732.820873 15.80999 0.02119 
 2454732.831042 15.80711 0.02180 
 2454732.841202 15.80073 0.02203 
 2454732.851362 15.73859 0.02253 
 2454732.861519 15.78554 0.02252 
 2454732.871677 15.79727 0.02301 
 2454733.725514 15.78479 0.02311 
 2454733.737933 15.82509 0.02246 
 2454733.750352 15.82937 0.02220 
 2454733.762773 15.78712 0.02167 
 2454733.772848 15.78601 0.02149 
 2454733.782938 15.83714 0.02195 
 2454733.793013 15.79120 0.02200 
 2454733.803099 15.81911 0.02107 
 2454733.813178 15.82514 0.02096 
 2454733.823258 15.83133 0.02022 
 2454733.835684 15.79061 0.02025 
 2454733.848107 15.80394 0.02028 
 2454733.860531 15.84308 0.02043 
 2454734.711056 15.73350 0.02295 
 2454734.725822 15.71069 0.02293 
 2454734.738232 15.75304 0.02262 
 2454734.750643 15.75257 0.02224 
 2454734.760725 15.73536 0.02231 
 2454734.770809 15.76988 0.02194 
 2454734.780891 15.74159 0.02210 
 2454734.790973 15.74160 0.02290 
 2454734.801064 15.79438 0.02186 
 2454734.811157 15.75328 0.02193 
 2454734.821232 15.76437 0.02193 
 2454734.833658 15.77502 0.02152 
 2454734.846083 15.77873 0.02163 
 2454734.858508 15.76762 0.02150 
 2454737.703665 15.85573 0.02027 
 2454737.716103 15.85757 0.02042 
 2454737.728532 15.91163 0.01999 
 2454737.740963 15.86018 0.02050 
 2454737.753401 15.91526 0.01984 
 2454737.763497 15.91695 0.01982 
 2454737.773589 15.91476 0.02076 
 2454737.786032 15.85108 0.01959 
 2454737.796121 15.92305 0.01935 
 2454737.806208 15.93266 0.01883 
 2454737.818642 15.89911 0.01915 
 2454737.831076 15.88239 0.01970 
 2454737.843504 15.90803 0.01959 
 2454737.855928 15.91837 0.02022 
 2454738.698488 16.09165 0.02135 
 2454738.713252 16.10990 0.02158 
 2454738.725658 16.13796 0.02175 
 2454738.738065 16.15368 0.02095 
 2454738.750479 16.07728 0.02113 
 2454738.760554 16.16662 0.02099 
 2454738.770637 16.13760 0.02071 
 2454738.780701 16.17683 0.02092 
 2454738.790778 16.13472 0.01941 
 2454738.800852 16.15605 0.01966 
 2454738.810924 16.18261 0.01943 
 2454738.823342 16.17377 0.01980 
 2454738.835753 16.18779 0.01968 
 2454738.848166 16.23409 0.01986 
 2454739.796984 16.27821 0.02112 
 2454739.807060 16.20185 0.02134 
 2454739.819460 16.17546 0.02110 
 2454739.831886 16.21177 0.02081 
 2454739.844304 16.22390 0.01463 
 2454741.770640 16.00122 0.02415 
 2454741.780711 15.97203 0.02254 
 2454741.790794 16.00859 0.02283 
 2454741.800871 15.96619 0.02320 
 2454741.813285 15.97780 0.02307 
 2454741.825699 15.97485 0.02285 
 2454741.838109 15.99187 0.02217 
 2454741.850518 15.93029 0.02281 
 2454742.715325 15.81358 0.02197 
 2454742.727760 15.85731 0.02146 
 2454742.737850 15.83269 0.02088 
 2454742.747946 15.91115 0.02031 
 2454742.758028 15.84333 0.02138 
 2454742.768111 15.84786 0.02157 
 2454742.778199 15.81202 0.02148 
 2454742.788290 15.84902 0.02103 
 2454742.798375 15.88189 0.02066 
 2454742.810810 15.87132 0.02060 
 2454742.823246 15.81196 0.02077 
 2454742.835669 15.83513 0.02089 
 2454743.698500 15.74888 0.02129 
 2454743.808561 15.78579 0.02149 
 2454743.820979 15.77576 0.02098 
 2454743.833394 15.76673 0.02112 
 2454745.682577 15.74325 0.02866 
 2454745.695000 15.75291 0.02850 
 2454745.707423 15.74110 0.02726 
 2454745.719854 15.78003 0.02627 
 2454745.732272 15.73494 0.02509 
 2454745.742354 15.73263 0.02387 
 2454745.752429 15.76399 0.02492 
 2454745.764862 15.77799 0.02424 
 2454745.774947 15.74541 0.02356 
 2454745.785019 15.80006 0.02285 
 2454745.797437 15.76406 0.02307 
 2454745.809859 15.77660 0.02313 
 2454745.822286 15.76482 0.02276 
 2454745.834714 15.74763 0.02178 
 2454746.679838 15.76478 0.02743 
 2454746.692261 15.76060 0.02682 
 2454746.704671 15.74484 0.02639 
 2454746.717066 15.78105 0.02557 
 2454746.729490 15.74607 0.02557 
 2454746.739562 15.74846 0.02467 
 2454746.749638 15.74830 0.02450 
 2454746.759700 15.77654 0.02544 
 2454746.769770 15.75493 0.02375 
 2454746.779845 15.71762 0.02356 
 2454746.789925 15.77144 0.02423 
 2454746.802333 15.75793 0.02406 
 2454746.814738 15.75297 0.02404 
 2454746.827153 15.76325 0.02374 
 2454747.676787 15.76025 0.02956 
 2454747.689199 15.78840 0.02932 
 2454747.701618 15.78406 0.02880 
 2454747.714030 15.80940 0.02851 
 2454747.726436 15.78141 0.02740 
 2454747.736508 15.77866 0.02678 
 2454747.746583 15.75898 0.02613 
 2454747.756660 15.78532 0.02680 
 2454747.766730 15.80465 0.02534 
 2454747.776801 15.76851 0.02470 
 2454747.786869 15.78562 0.02374 
 2454747.799270 15.77919 0.02297 
 2454747.811683 15.80017 0.02210 
 2454747.824097 15.80634 0.02162 
 2454748.667590 15.77136 0.03495 
 2454748.682293 15.79705 0.03320 
 2454748.694668 15.75982 0.03204 
 2454748.707046 15.81812 0.03139 
 2454748.719432 15.75826 0.03090 
 2454748.729476 15.75641 0.03037 
 2454748.739522 15.76576 0.02992 
 2454748.749564 15.76643 0.03037 
 2454748.761948 15.77794 0.02870 
 2454748.771988 15.80023 0.02819 
 2454748.782032 15.72846 0.02789 
 2454748.794402 15.76883 0.02737 
 2454748.806770 15.73411 0.02671 
 2454748.819148 15.82756 0.02639 
 2454748.831527 15.77235 0.02506 
 2454749.666657 15.72283 0.03535 
 2454749.681430 15.74754 0.03410 
 2454749.693848 15.77360 0.03283 
 2454749.706269 15.80999 0.03250 
 2454749.718685 15.72938 0.03156 
 2454749.728768 15.75330 0.03142 
 2454749.738858 15.71904 0.03129 
 2454749.748940 15.75576 0.03136 
 2454749.761362 15.75516 0.03046 
 2454749.771448 15.77629 0.02991 
 2454749.781520 15.72481 0.02945 
 2454749.793951 15.77781 0.02925 
 2454749.806373 15.77253 0.02933 
 2454749.818798 15.82641 0.02982 
 2454758.644995 15.81992 0.02405 
 2454758.659763 15.85419 0.02850 
 2454759.643960 15.84975 0.02457 
 2454759.658737 15.82427 0.02416 
 2454759.671153 15.85518 0.02326 
 2454759.683556 15.83680 0.02314 
 2454759.693629 15.83035 0.02276 
 2454759.703699 15.87523 0.02263 
 2454759.713768 15.85586 0.02402 
 2454759.723843 15.79542 0.02527 
 2454759.733908 15.83759 0.02527 
 2454759.741742 15.83212 0.02560 
 2454759.749565 15.84908 0.02633 
 2454759.759735 15.81055 0.02688 
 2454759.769890 15.82096 0.02775 
 2454759.780062 15.82877 0.02706 
 2454759.790225 15.75407 0.02770 
 2454759.800389 15.79965 0.02815 
 2454760.634835 15.82958 0.02588 
 2454760.649614 15.75868 0.02485 
 2454760.662020 15.80914 0.02493 
 2454760.674429 15.81096 0.05242 
 2454760.706985 15.83643 0.02538 
 2454760.717068 15.77348 0.02424 
 2454760.729489 15.56803 0.03721 
 2454760.762053 15.77358 0.02286 
 2454760.774475 15.78604 0.02384 
 2454760.786894 15.79348 0.02497 
 2454760.799310 15.75130 0.02539 
 2454777.595197 15.82480 0.03217 
 2454777.604751 15.82110 0.03140 
 2454777.614304 15.89041 0.03118 
 2454777.623863 15.83877 0.03092 
 2454777.633424 15.86431 0.03057 
 2454777.642985 15.81005 0.03066 
 2454777.650292 15.83338 0.03015 
 2454777.657604 15.81010 0.03175 
 2454777.664917 15.83282 0.03184 
 2454777.672234 15.85403 0.03093 
 2454777.682017 15.82328 0.02913 
 2454777.689551 15.83768 0.02890 
 2454777.697090 15.81411 0.02946 
 2454777.704618 15.81153 0.02913 
 2454777.714401 15.82079 0.02925 
 2454777.724171 15.85821 0.02872 
 2454777.733956 15.83572 0.02902 
 2454777.743737 15.85002 0.02889 
 2454777.753522 15.82546 0.02937 
 2454778.585552 15.87768 0.03828 
 2454778.592728 15.80843 0.03707 
 2454778.597672 15.72277 0.03727 
 2454778.602614 15.79785 0.03711 
 2454786.575912 15.86926 0.02399 
 2454786.587874 15.86592 0.02284 
 2454786.599823 15.84028 0.02249 
 2454786.611779 15.81469 0.02241 
 2454786.621482 15.86043 0.02451 
 2454786.631194 15.84612 0.02821 
 2454786.640905 15.85719 0.03069 
 2454786.650630 15.90645 0.03358 
 2454786.660332 15.82702 0.03284 
 2454786.667886 15.81935 0.03270 
 2454786.675441 15.88127 0.03328 
 2454786.685257 15.80766 0.03375 
 2454786.695060 15.79524 0.03478 
 2454786.704867 15.90543 0.03471 
 2454787.575180 15.90605 0.02610 
 2454787.587154 15.85104 0.02539 
 2454787.599111 15.83840 0.02470 
 2454787.611082 15.90328 0.02460 
 2454787.620788 15.86664 0.02406 
 2454787.630496 15.90687 0.02418 
 2454787.640214 15.86723 0.02378 
 2454787.652189 15.84022 0.02332 
 2454787.661897 15.83728 0.02327 
 2454787.671620 15.89730 0.02337 
 2454787.683577 15.83774 0.02554 
 2454787.695526 15.80686 0.02751 
 2454787.707481 15.83374 0.02804 
 2454787.719435 15.83671 0.02920 
 2454788.575280 15.84344 0.02414 
 2454788.587252 15.85433 0.02345 
 2454788.599217 15.87122 0.02324 
 2454788.611169 15.89951 0.02319 
 2454788.620885 15.88592 0.02281 
 2454788.630599 15.87820 0.02261 
 2454788.640300 15.90470 0.02300 
 2454788.652251 15.88602 0.02195 
 2454788.661972 15.93683 0.02163 
 2454788.671697 15.89166 0.02156 
 2454788.683659 15.96701 0.02122 
 2454788.695613 15.95556 0.02168 
 2454788.707566 15.95990 0.02195 
 2454788.719522 15.96764 0.02306 
 2454789.574856 15.81679 0.02488 
 2454789.586809 15.87554 0.02343 
 2454789.598762 15.81293 0.02363 
 2454789.610723 15.80871 0.02278 
 2454789.620434 15.84787 0.02280 
 2454789.630137 15.81751 0.02263 
 2454789.639847 15.82572 0.02278 
 2454789.651816 15.81566 0.02150 
 2454789.661520 15.81361 0.02214 
 2454789.671241 15.77142 0.02152 
 2454789.683197 15.80308 0.02131 
 2454789.695162 15.80066 0.02096 
 2454789.707122 15.82163 0.02078 
 2454789.719087 15.81191 0.02122 
 2454790.571592 15.81399 0.02475 
 2454790.583544 15.75000 0.02340 
 2454790.595502 15.80446 0.02303 
 2454790.607446 15.85014 0.02219 
 2454790.617154 15.77576 0.02268 
 2454790.626853 15.83524 0.02263 
 2454790.636554 15.82428 0.02351 
 2454790.648508 15.78744 0.02292 
 2454790.658207 15.80130 0.02325 
 2454790.667918 15.76188 0.02370 
 2454790.679873 15.78525 0.02384 
 2454790.691827 15.81798 0.02369 
 2454790.703780 15.83335 0.02383 
 2454790.715722 15.87458 0.02355 
 2454791.572171 15.77331 0.02521 
 2454791.584132 15.76208 0.02438 
 2454791.596085 15.80867 0.02394 
 2454791.605788 15.76324 0.02397 
 2454791.615501 15.79401 0.02319 
 2454791.625193 15.77429 0.02322 
 2454791.634913 15.78730 0.02375 
 2454791.644623 15.78700 0.02247 
 2454791.654320 15.76938 0.02360 
 2454791.664015 15.78404 0.02351 
 2454791.675967 15.77263 0.02344 
 2454791.687919 15.80048 0.02221 
 2454791.699877 15.79305 0.02250 
 2454791.711834 15.83547 0.02190 
 2454792.583021 15.73734 0.02305 
 2454792.594985 15.76568 0.02316 
 2454792.604706 15.70712 0.02344 
 2454792.614412 15.81705 0.02360 
 2454792.624103 15.74957 0.02208 
 2454792.674921 15.68834 0.02411 
 2454793.636565 15.91138 0.01819 
 2454793.646304 16.00338 0.02305 
 2454794.570581 15.79572 0.02448 
 2454794.582521 15.78608 0.02372 
 2454794.594472 15.77309 0.02337 
 2454794.604201 15.80923 0.02362 
 2454794.613893 15.82768 0.02293 
 2454794.623609 15.79176 0.02460 
 2454794.635565 15.76333 0.02363 
 2454794.645266 15.82755 0.02343 
 2454794.654962 15.79371 0.02345 
 2454794.666921 15.78352 0.02252 
 2454794.678880 15.76102 0.02266 
 2454794.690837 15.79606 0.02396 
 2454794.702797 15.77130 0.02268 
