  14631.599 12.65
  14640.500 12.28
  14675.480 13.22
  14984.703 11.90
  15019.495 13.16
  15019.590 12.28
  15024.473 12.65
  15052.548 12.86
  15262.764 12.28
  15281.821 11.88
  15372.491 13.22
  15403.562 12.28
  15407.610 12.13
  15424.478 13.22
  15430.522 13.22
  15434.491 12.86
  15621.785 12.28
  15652.746 12.86
  15662.745 11.88
  15689.500 12.28
  15699.600 12.28
  15716.618 12.70
  15717.605 12.28
  15721.659 12.70
  15723.626 12.28
  15724.688 12.65
  15746.467 12.28
  15753.591 12.65
  15755.560 12.65
  15759.624 13.07
  15762.544 12.71
  15767.518 11.88
  15773.527 11.63
  15777.573 12.65
  15792.500 12.70
  15796.497 12.28
  15976.764 12.28
  16029.735 12.28
  16031.730 12.28
  16033.736 12.65
  16048.675 13.07
  16048.753 12.28
  16051.686 12.39
  16052.656 12.86
  16054.655 13.33
  16074.627 12.86
  16085.629 13.22
  16090.660 12.65
  16102.599 13.52
  16103.655 13.07
  16115.613 13.16
  16116.546 13.26
  16132.573 12.96
  16137.514 12.44
  16158.477 13.22
  16165.450 12.44
  16281.592 13.33
  16387.755 12.86
  16414.720 13.07
  16426.726 11.87
  16428.695 13.33
  16433.633 11.90
  16440.640 12.65
  16444.601 11.88
  16459.500 13.33
  16462.624 12.86
  16467.624 13.26
  16468.584 12.96
  16471.673 12.44
  16472.577 13.22
  16490.545 13.16
  16497.547 12.70
  16514.482 12.96
  16697.726 12.44
  16727.705 12.28
  16740.693 12.70
  16754.759 13.33
  16754.781 13.07
  16770.704 13.33
  16784.677 12.28
  16799.574 12.86
  16800.630 12.44
  16802.606 11.64
  16803.676 12.44
  16812.663 12.70
  16813.641 12.28
  16817.513 12.86
  16823.681 12.86
  16824.643 12.44
  16829.576 12.44
  16843.502 12.86
  16845.539 11.63
  16845.582 11.88
  16850.587 12.28
  16854.557 12.44
  16877.523 12.65
  16881.478 13.33
  16884.532 12.44
  17096.742 13.07
  17112.717 12.44
  17114.735 12.70
  17116.743 13.07
  17136.688 13.07
  17140.610 12.96
  17140.767 13.07
  17151.779 12.28
  17168.670 13.33
  17168.739 13.22
  17171.500 13.16
  17171.557 13.22
  17177.592 12.86
  17194.628 13.22
  17227.572 12.96
  17228.475 13.07
  17228.541 12.70
  17230.481 12.86
  17238.526 12.44
  17241.534 12.28
  17244.532 12.28
  17253.526 12.70
  17490.500 11.88
  17490.751 11.88
  17497.633 12.13
  17498.724 12.44
  17523.722 12.44
  17528.682 12.70
  17529.684 12.86
  17563.647 12.70
  17564.577 12.96
  17564.624 12.96
  17622.492 13.22
  17774.875 13.22
  17858.710 13.07
  17879.703 12.86
  17891.708 12.28
  17894.591 11.88
  17944.485 13.07
  17947.497 12.28
  17983.493 12.96
  18065.759 12.65
  18191.814 12.65
  18214.763 12.28
  18218.636 12.70
  18221.737 11.88
  18241.718 12.70
  18288.638 12.13
  18288.682 12.28
  18309.533 12.70
  18573.670 12.96
  18601.500 12.96
  18631.618 12.44
  18641.675 12.70
  18641.720 12.44
  18672.507 12.86
  18680.556 12.70
  18683.537 12.44
  18691.542 12.96
  18710.476 12.28
  18717.491 12.44
  18974.705 12.44
  18983.692 12.86
  19008.599 12.28
  19014.540 12.70
  19014.586 12.28
  19015.553 13.26
  19028.502 12.44
  19036.520 12.44
  19041.529 12.65
  19053.468 12.86
  19053.519 12.28
  19054.472 12.28
  19306.796 12.28
  19323.761 13.26
  19370.615 11.88
  19412.529 12.28
  19414.500 12.86
  19415.468 12.28
  19438.500 12.28
  19442.484 12.28
  19453.498 12.44
  19691.701 12.44
  19691.826 12.44
  19706.739 12.44
  19707.670 12.96
  19707.712 12.44
  19709.677 12.28
  19736.607 12.44
  19744.563 12.28
  19763.548 12.44
  19806.506 12.44
  20004.864 12.28
  20038.764 12.96
  20062.695 13.22
  20072.658 13.16
  20077.656 12.86
  20078.647 13.07
  20078.698 13.07
  20098.575 12.86
  20105.558 11.88
  20107.630 12.28
  20121.496 12.86
  20130.541 12.44
  20131.559 12.28
  20151.482 13.07
  20386.515 12.28
  20388.766 11.76
  20390.822 13.07
  20451.655 13.16
  20451.702 12.44
  20453.637 12.65
  20454.669 12.65
  20454.677 12.65
  20458.659 12.86
  20459.638 12.86
  20460.576 12.65
  20477.579 12.28
  20483.548 12.28
  20483.593 12.44
  20485.548 13.07
  20485.592 12.44
  20489.554 12.28
  20490.571 12.44
  20501.497 12.86
  20503.524 12.44
  20505.475 12.44
  20508.457 12.44
  20508.506 12.28
  20751.812 12.18
  20769.744 12.70
  20774.755 12.44
  20782.701 12.39
  20801.718 12.65
  20808.701 13.07
  20809.701 12.65
  20812.590 11.88
  20824.671 12.44
  20832.623 12.28
  20833.577 12.65
  20870.481 12.65
  20915.489 12.28
  20927.512 12.44
  21107.525 12.28
  21123.721 13.22
  21126.725 12.44
  21154.717 12.86
  21154.763 12.96
  21154.802 12.28
  21169.625 12.28
  21184.613 12.65
  21199.633 13.22
  21217.586 13.22
  21227.557 12.65
  21227.597 12.28
  21241.597 13.16
  21248.528 12.65
  21251.449 12.86
  21491.721 11.88
  21522.728 13.07
  21535.687 12.70
  21537.666 12.44
  21572.589 12.65
  21607.458 12.86
  21626.533 13.07
  21630.500 13.33
  21979.526 13.52
  21991.478 13.26
  22165.837 12.44
  22310.585 13.00
  22339.469 12.44
  22339.572 12.86
  22587.757 12.44
  22605.713 12.86
  22646.653 12.70
  22984.783 12.86
  23081.492 12.86
  23275.586 12.28
  23324.677 12.28
  23324.761 12.65
  23341.683 11.88
  23398.545 12.86
  23439.476 12.28
  23461.474 13.26
  23617.809 12.28
  23650.804 12.65
  23672.790 12.28
  23697.720 12.28
  23709.676 11.88
  23736.678 12.13
  23741.500 12.44
  23751.555 11.88
  23793.517 12.28
  23796.476 12.44
  24000.807 12.65
  24019.786 12.86
  24024.804 11.88
  24055.784 12.28
  24057.766 12.28
  24062.654 13.07
  24076.621 12.96
  24076.701 12.70
  24078.712 12.28
  24082.687 11.88
  24091.642 11.88
  24104.630 13.07
  24108.500 12.96
  24108.623 12.28
  24135.532 12.28
  24140.554 12.28
  24147.531 11.88
  24165.477 11.88
  24385.793 12.28
  24389.762 11.88
  24391.500 12.13
  24392.748 12.65
  24402.736 12.86
  24402.786 12.86
  24417.759 12.13
  24419.780 11.88
  24437.649 11.88
  24444.711 11.88
  24471.559 12.13
  24497.552 11.88
  24499.500 12.13
  24503.516 12.44
  24523.524 12.28
  24766.760 12.70
  24795.780 12.28
  24799.740 12.28
  24815.650 12.28
  24830.668 12.70
  24843.616 11.88
  24919.503 11.63
  25059.778 12.28
  25117.780 12.28
  25141.810 13.59
  25147.748 13.07
  25148.743 12.28
  25158.690 12.13
  25160.726 11.63
  25178.711 11.88
  25179.683 11.88
  25179.723 12.86
  25199.631 11.88
  25510.501 12.28
  25529.713 12.86
  25530.704 12.70
  25560.647 13.07
  25561.349 12.82
  25564.634 12.28
  25566.629 13.07
  25587.620 12.28
  25624.491 12.28
  25642.296 11.88
  25650.267 12.69
  25654.500 12.28
  25809.527 12.44
  25811.535 12.44
  25826.811 12.65
  25828.561 12.76
  25828.817 12.86
  25834.574 13.16
  25837.533 13.26
  25856.463 12.82
  25857.528 13.07
  25858.484 14.03
  25859.514 13.63
  25862.499 12.76
  25864.499 12.82
  25885.424 12.44
  25885.508 12.57
  25888.778 12.65
  25889.709 12.86
  25890.500 12.28
  25890.775 13.16
  25892.762 12.28
  25894.783 12.13
  25896.626 11.63
  25926.708 12.65
  25966.640 13.07
  25977.531 13.26
  25981.508 13.07
  26003.513 12.86
  26213.526 12.60
  26221.588 12.60
  26224.802 12.86
  26246.386 13.07
  26250.429 13.11
  26250.782 13.26
  26268.668 12.13
  26268.769 12.70
  26270.736 12.70
  26272.720 12.86
  26303.673 12.28
  26306.671 12.65
  26309.625 13.33
  26324.420 11.88
  26328.483 13.59
  26329.597 13.07
  26335.610 13.07
  26355.536 11.76
  26544.524 12.57
  26568.511 12.57
  26592.832 12.65
  26594.459 12.82
  26618.767 13.07
  26620.747 12.65
  26624.727 12.44
  26625.824 12.28
  26627.449 13.93
  26629.494 12.69
  26630.498 12.69
  26651.421 14.03
  26653.786 12.13
  26654.297 12.44
  26654.342 11.88
  26656.349 12.21
  26656.684 12.44
  26661.394 12.82
  26673.636 12.70
  26678.544 12.86
  26681.579 13.16
  26683.273 12.76
  26683.322 12.76
  26683.545 12.86
  26688.618 13.07
  26691.577 13.07
  26705.502 13.07
  26735.547 12.65
  26929.770 12.28
  26931.832 11.88
  26934.854 11.88
  26944.814 13.22
  26949.592 12.69
  26949.730 12.39
  26980.493 12.82
  26984.541 12.65
  26986.421 12.69
  27002.694 11.88
  27002.736 13.07
  27005.711 12.70
  27006.622 12.86
  27037.638 11.90
  27038.650 13.07
  27040.692 12.65
  27043.598 11.90
  27058.562 12.13
  27061.243 12.36
  27062.234 12.57
  27062.545 11.64
  27089.472 12.28
  27091.479 12.28
  27122.499 12.28
  27263.758 12.65
  27271.529 12.13
  27276.696 12.65
  27309.568 12.57
  27311.560 12.28
  27315.599 12.76
  27326.557 12.44
  27341.518 13.73
  27341.564 13.07
  27345.762 12.44
  27345.770 12.70
  27356.728 12.44
  27356.761 12.44
  27360.711 12.44
  27362.727 12.70
  27366.700 11.88
  27367.434 12.57
  27367.634 12.65
  27369.433 12.44
  27374.717 11.90
  27381.695 12.65
  27387.690 12.65
  27392.614 12.28
  27394.388 12.60
  27395.345 12.91
  27396.407 12.44
  27397.424 12.28
  27397.604 12.44
  27397.646 11.88
  27398.247 12.60
  27398.342 12.88
  27409.470 12.28
  27413.540 11.88
  27413.579 12.44
  27414.564 11.88
  27417.522 12.28
  27417.576 12.44
  27419.592 13.07
  27420.310 12.57
  27421.459 12.13
  27421.500 12.28
  27423.554 12.65
  27424.262 12.44
  27425.541 13.07
  27440.465 12.28
  27444.462 12.28
  27444.506 12.65
  27447.474 13.07
  27449.474 11.88
  27453.470 12.28
  27455.480 12.65
  27456.476 12.44
  27464.482 11.63
  27472.487 12.28
  27474.490 12.28
  27569.827 12.86
  27571.800 13.16
  27626.757 12.86
  27634.717 13.16
  27665.856 12.44
  27683.797 12.28
  27683.816 12.44
  27683.843 12.28
  27691.746 12.65
  27692.805 13.07
  27709.669 12.65
  27712.676 12.44
  27712.742 12.44
  27715.788 12.28
  27717.762 12.28
  27726.725 12.65
  27728.666 12.70
  27736.702 12.76
  27744.781 12.44
  27751.697 12.70
  27756.642 12.65
  27761.549 12.44
  27767.664 11.63
  27783.488 11.88
  27807.496 13.16
  28052.845 12.28
  28052.857 13.16
  28056.821 13.07
  28062.779 12.96
  28064.767 11.88
  28064.807 12.13
  28066.801 12.28
  28068.783 11.88
  28069.781 12.65
  28071.786 12.86
  28075.743 12.76
  28083.691 12.86
  28091.783 12.13
  28092.781 12.65
  28094.695 13.07
  28096.621 12.28
  28096.714 12.65
  28104.652 12.65
  28110.657 12.65
  28110.707 12.28
  28118.584 12.86
  28128.604 12.96
  28132.577 12.44
  28132.603 12.65
  28155.552 12.86
  28155.608 12.65
  28156.525 12.28
  28160.484 12.28
  28161.531 11.88
  28164.503 12.86
  28164.596 12.86
  28165.494 12.13
  28167.474 12.28
  28168.502 13.33
  28175.483 11.90
  28175.487 13.52
  28197.498 12.65
  28209.520 12.13
  28222.508 12.44
  28265.543 12.91
  28366.538 13.07
  28367.506 12.44
  28373.499 12.76
  28391.428 12.44
  28395.442 12.36
  28398.464 12.88
  28407.585 12.44
  28409.595 12.76
  28422.553 12.65
  28423.435 12.13
  28424.513 12.44
  28425.434 12.44
  28425.781 12.44
  28427.403 12.44
  28427.494 12.53
  28428.534 12.89
  28428.738 11.88
  28428.789 12.86
  28431.702 13.16
  28434.540 12.13
  28435.565 12.88
  28437.744 12.65
  28446.729 12.28
  28449.737 12.86
  28450.718 12.65
  28451.413 13.07
  28454.738 12.28
  28460.660 12.44
  28461.677 12.44
  28463.680 11.88
  28466.619 12.28
  28466.624 12.28
  28466.675 12.65
  28476.644 12.65
  28479.480 12.44
  28483.638 12.70
  28487.385 12.38
  28494.496 12.60
  28511.343 13.16
  28517.578 12.65
  28520.586 12.65
  28531.510 11.76
  28539.349 12.35
  28543.329 12.76
  28545.278 12.60
  28547.257 12.44
  28557.506 12.44
  28722.505 11.63
  28750.505 12.44
  28752.514 12.65
  28753.576 12.44
  28754.428 13.07
  28757.464 12.36
  28760.878 12.44
  28777.823 12.28
  28778.518 12.32
  28780.807 12.65
  28780.855 12.86
  28781.487 12.96
  28782.787 12.44
  28783.544 13.07
  28784.551 12.68
  28811.672 13.16
  28813.382 12.38
  28814.724 13.78
  28818.686 12.65
  28832.636 12.86
  28832.660 12.86
  28834.388 12.60
  28835.477 12.65
  28839.647 12.86
  28841.603 13.07
  28842.610 12.76
  28849.490 12.71
  28863.338 12.57
  28865.376 12.44
  28868.537 12.65
  28868.570 12.28
  28868.574 12.65
  28870.369 12.19
  28871.554 12.28
  28872.502 12.28
  28873.558 12.44
  28894.517 12.13
  28895.558 12.28
  28931.525 12.44
  29108.522 13.26
  29110.557 13.07
  29112.524 12.44
  29139.808 12.65
  29143.530 12.60
  29162.545 12.44
  29163.496 12.44
  29167.514 12.28
  29168.480 12.53
  29173.693 12.28
  29173.740 12.28
  29187.642 12.28
  29194.435 12.68
  29196.779 12.28
  29197.633 12.28
  29197.674 12.28
  29197.688 12.44
  29203.593 12.28
  29216.352 12.65
  29217.618 12.13
  29219.631 11.88
  29219.647 12.65
  29220.586 12.44
  29224.560 13.07
  29224.599 13.07
  29228.645 12.44
  29231.456 13.26
  29243.258 13.07
  29245.537 12.65
  29248.490 12.28
  29248.538 12.28
  29248.589 12.65
  29250.319 12.39
  29258.474 11.88
  29261.495 12.28
  29261.540 12.13
  29263.526 12.44
  29273.512 12.86
  29274.509 12.86
  29290.512 11.88
  29460.808 12.65
  29462.819 13.26
  29488.828 12.28
  29489.436 12.57
  29493.368 12.44
  29493.500 12.69
  29494.533 12.44
  29495.531 12.44
  29496.592 12.22
  29497.490 12.36
  29498.802 12.65
  29498.822 12.65
  29498.833 12.76
  29500.524 12.57
  29514.403 12.74
  29515.519 12.88
  29516.495 12.53
  29518.741 12.65
  29521.781 12.65
  29522.742 12.44
  29522.783 12.65
  29523.737 12.65
  29523.779 11.88
  29524.837 12.28
  29526.717 12.44
  29529.857 12.86
  29531.608 12.72
  29541.725 12.28
  29542.741 13.16
  29543.770 12.65
  29550.734 12.28
  29551.664 12.65
  29551.705 12.28
  29552.700 12.65
  29553.722 12.44
  29554.702 13.16
  29557.650 12.65
  29557.717 12.65
  29559.639 12.44
  29559.672 12.28
  29560.740 12.65
  29561.663 12.28
  29569.613 12.86
  29569.654 12.65
  29569.700 12.44
  29570.682 12.91
  29570.738 12.65
  29571.609 13.07
  29571.649 12.91
  29571.684 12.86
  29572.574 12.44
  29574.257 12.59
  29575.486 12.83
  29575.640 12.86
  29577.589 12.65
  29577.632 12.65
  29579.379 12.65
  29579.564 12.86
  29583.577 12.65
  29583.616 12.86
  29583.621 12.18
  29584.621 12.44
  29585.608 12.44
  29594.583 12.96
  29596.536 12.86
  29596.574 12.44
  29602.552 12.86
  29604.511 12.65
  29604.555 12.76
  29605.524 12.86
  29607.503 12.76
  29610.526 12.28
  29613.500 12.65
  29613.535 12.65
  29613.574 12.65
  29626.460 11.76
  29626.500 12.65
  29627.272 12.65
  29628.515 12.44
  29631.395 12.44
  29633.347 12.88
  29633.478 12.28
  29633.527 12.44
  29634.362 12.44
  29635.366 12.44
  29635.503 12.28
  29638.517 12.65
  29639.270 12.13
  29640.266 12.65
  29641.329 12.13
  29642.265 12.44
  29845.491 12.36
  29845.822 12.44
  29846.556 12.65
  29846.810 13.07
  29847.508 12.44
  29850.821 12.65
  29850.840 11.88
  29865.799 12.28
  29865.845 11.88
  29870.786 12.65
  29870.828 12.65
  29872.529 12.91
  29876.770 11.88
  29876.860 12.65
  29877.542 12.69
  29877.815 11.88
  29879.529 12.65
  29879.567 12.44
  29886.746 11.88
  29886.788 11.88
  29898.713 12.28
  29898.758 12.65
  29901.707 12.13
  29903.485 12.28
  29903.516 12.53
  29906.353 12.44
  29910.618 12.65
  29910.720 12.86
  29912.795 12.44
  29913.694 12.13
  29913.713 12.28
  29917.660 12.28
  29921.648 11.88
  29921.691 11.63
  29924.724 13.16
  29930.690 12.28
  29932.818 11.88
  29940.603 12.28
  29940.640 12.13
  29942.617 12.28
  29953.559 11.76
  29953.602 12.28
  29955.568 12.28
  29956.552 12.28
  29956.593 12.28
  29957.441 12.18
  29965.233 12.53
  29965.526 12.44
  29965.570 12.44
  29967.558 12.28
  29983.475 12.65
  29983.518 12.13
  29984.302 12.53
  29985.292 12.62
  29988.461 12.65
  29988.510 12.65
  29988.521 12.28
  29996.512 11.88
  30041.533 12.86
  30200.540 13.22
  30201.538 12.69
  30209.539 12.38
  30209.539 12.74
  30224.367 12.80
  30224.499 12.26
  30228.494 12.82
  30234.372 12.36
  30234.490 12.23
  30234.744 12.44
  30240.603 12.13
  30250.785 12.65
  30250.828 11.88
  30251.805 11.91
  30252.761 11.88
  30253.465 12.44
  30254.385 12.18
  30254.839 12.28
  30257.549 12.57
  30257.574 12.13
  30257.712 12.65
  30258.447 12.34
  30258.743 12.65
  30259.486 12.18
  30259.540 12.28
  30259.783 12.18
  30260.751 12.28
  30261.468 12.44
  30261.498 12.28
  30261.526 12.13
  30263.567 12.80
  30263.570 12.69
  30264.450 12.44
  30265.765 12.28
  30266.516 12.34
  30267.530 12.44
  30267.778 12.13
  30278.689 12.28
  30279.771 11.88
  30280.359 12.36
  30280.382 12.44
  30280.728 12.13
  30281.669 12.44
  30284.628 12.18
  30285.626 12.44
  30285.730 12.18
  30287.632 12.18
  30288.635 12.28
  30289.557 12.18
  30291.577 11.76
  30292.617 12.70
  30296.601 12.28
  30313.416 12.28
  30316.627 12.28
  30318.637 12.28
  30319.327 12.44
  30321.327 12.21
  30323.537 12.13
  30324.535 12.28
  30335.533 12.18
  30336.577 12.28
  30336.594 11.76
  30336.658 12.44
  30337.514 12.13
  30339.498 12.65
  30365.541 12.28
  30365.590 12.70
  30366.270 12.44
  30367.225 12.44
  30368.236 12.44
  30368.338 12.88
  30368.338 12.44
  30372.000 12.59
  30373.262 12.36
  30374.344 12.13
  30374.374 12.36
  30375.320 12.62
  30375.355 12.51
  30376.265 12.25
  30377.331 12.54
  30377.394 12.35
  30378.217 12.57
  30380.473 12.65
  30389.545 13.16
  30400.272 12.44
  30465.506 11.88
  30582.566 12.25
  30583.469 12.62
  30587.517 12.28
  30589.546 12.44
  30590.533 12.13
  30591.536 13.07
  30591.574 12.57
  30608.440 13.07
  30608.469 13.21
  30613.487 13.15
  30613.517 12.96
  30614.522 12.68
  30616.817 12.28
  30618.594 12.44
  30619.518 12.65
  30632.674 12.18
  30632.756 12.86
  30632.818 12.28
  30632.875 11.63
  30634.818 12.44
  30636.293 12.28
  30636.415 12.32
  30637.435 12.28
  30638.359 12.94
  30638.452 12.94
  30642.401 12.44
  30644.467 12.21
  30645.728 12.28
  30648.518 12.44
  30648.665 12.28
  30648.720 12.28
  30651.607 12.44
  30651.680 11.88
  30660.658 11.88
  30663.322 12.32
  30664.618 12.65
  30672.330 12.59
  30672.500 12.74
  30674.419 12.45
  30675.665 11.88
  30676.607 11.88
  30678.520 12.44
  30678.658 12.28
  30691.544 11.63
  30692.563 12.18
  30694.634 12.28
  30700.521 12.28
  30701.594 12.44
  30704.335 12.38
  30704.367 12.65
  30705.388 12.65
  30705.507 12.57
  30719.512 11.88
  30721.337 12.60
  30722.267 12.57
  30722.295 12.44
  30730.354 12.44
  30731.285 12.36
  30734.363 12.44
  30734.394 12.36
  30735.394 12.31
  30764.375 12.28
  30780.286 12.39
  30787.298 12.74
  30791.305 12.32
  30909.497 12.28
  30933.533 12.28
  30937.550 12.44
  30938.469 12.76
  30939.555 12.44
  30964.595 12.44
  30969.499 12.44
  30973.499 12.74
  30973.555 12.34
  30976.560 12.44
  30976.821 12.28
  30985.780 12.28
  30986.792 12.28
  30987.783 12.18
  30991.436 12.28
  30994.776 11.63
  30995.529 12.44
  30996.497 12.21
  30998.466 12.28
  30999.459 12.44
  30999.472 12.44
  31001.452 14.03
  31001.478 12.44
  31002.458 12.62
  31002.736 11.88
  31003.473 12.76
  31003.500 12.57
  31015.710 12.13
  31019.417 12.76
  31020.438 12.39
  31021.383 12.44
  31022.485 12.32
  31022.515 12.44
  31026.451 12.44
  31026.487 12.54
  31027.379 12.44
  31027.535 12.74
  31027.591 12.86
  31027.651 12.18
  31028.385 12.21
  31028.415 12.44
  31028.444 12.18
  31029.370 12.88
  31029.496 12.44
  31029.527 12.44
  31030.388 12.60
  31031.455 12.44
  31032.667 12.44
  31033.578 12.44
  31033.651 12.65
  31035.631 13.52
  31047.627 12.28
  31054.586 12.28
  31055.586 11.88
  31058.576 12.65
  31070.500 11.88
  31072.559 12.18
  31074.256 12.65
  31075.267 12.88
  31075.292 12.44
  31076.226 12.60
  31079.499 13.16
  31081.500 13.52
  31082.521 12.86
  31083.543 12.28
  31084.527 12.28
  31088.500 12.13
  31110.529 11.63
  31111.307 12.44
  31145.330 11.83
  31290.421 12.44
  31303.784 12.18
  31316.483 12.74
  31318.526 12.44
  31319.824 12.65
  31321.534 12.88
  31322.490 12.44
  31322.540 12.28
  31323.500 12.28
  31324.465 12.76
  31324.499 12.13
  31327.517 12.44
  31327.563 12.25
  31327.751 12.28
  31328.507 12.44
  31329.500 12.65
  31329.500 12.65
  31330.500 12.44
  31330.500 12.44
  31344.430 12.94
  31345.453 12.28
  31350.500 12.86
  31350.500 12.28
  31352.493 12.44
  31352.535 12.28
  31353.503 12.34
  31357.500 12.28
  31361.500 12.13
  31363.713 12.44
  31371.330 12.13
  31374.394 12.44
  31376.709 12.65
  31381.658 12.65
  31383.666 11.88
  31386.525 12.65
  31386.684 12.86
  31399.567 12.44
  31406.533 12.65
  31406.568 12.28
  31407.587 12.51
  31413.433 12.59
  31427.553 12.28
  31429.555 12.18
  31438.605 12.28
  31439.533 12.13
  31441.339 13.07
  31442.240 12.74
  31442.562 12.28
  31443.309 12.44
  31451.590 12.28
  31455.482 12.18
  31455.545 12.13
  31458.510 12.18
  31460.500 11.63
  31676.500 12.44
  31684.500 12.65
  31701.507 11.80
  31701.536 12.13
  31703.500 12.44
  31704.522 12.76
  31706.500 12.65
  31710.510 12.54
  31729.500 12.28
  31732.500 13.78
  31737.500 12.13
  31738.500 12.18
  31738.558 12.28
  31745.500 11.76
  31764.441 12.13
  31785.500 11.88
  31787.500 11.88
  31798.500 12.28
  31823.231 12.13
  31844.254 12.32
  31844.288 12.44
  32038.500 12.18
  32064.500 12.18
  32066.500 12.65
  32067.500 12.65
  32083.500 12.65
  32083.500 12.28
  32089.500 11.63
  32090.500 12.13
  32090.500 12.44
  32091.515 12.28
  32092.469 11.88
  32099.500 12.28
  32100.500 12.28
  32100.500 11.88
  32113.500 12.28
  32113.500 12.65
  32115.500 12.18
  32115.500 12.28
  32116.500 12.28
  32118.500 13.16
  32137.500 13.07
  32138.500 12.44
  32141.500 12.51
  32143.500 12.86
  32144.500 12.13
  32148.500 12.18
  32152.500 11.91
  32166.500 12.28
  32171.500 12.86
  32172.341 12.28
  32175.408 12.34
  32177.500 12.28
  32178.347 12.28
  32409.500 11.91
  32411.500 12.28
  32412.548 11.90
  32419.565 12.13
  32423.500 12.65
  32425.500 12.44
  32425.555 12.44
  32438.500 11.88
  32438.500 12.85
  32439.537 12.74
  32441.478 12.13
  32442.540 12.29
  32443.522 12.44
  32445.483 12.18
  32445.500 12.13
  32449.428 12.42
  32451.500 12.86
  32469.500 12.91
  32469.693 11.88
  32470.500 11.91
  32471.422 12.34
  32471.500 11.88
  32472.472 12.28
  32474.500 12.28
  32478.444 12.02
  32480.490 12.13
  32482.500 11.88
  32482.500 12.18
  32492.500 12.28
  32499.500 12.28
  32500.500 11.88
  32524.500 12.28
  32526.504 12.65
  32529.500 13.26
  32532.534 13.52
  32774.500 12.44
  32793.500 12.18
  32803.500 12.28
  32803.516 12.13
  32805.513 12.44
  32806.521 12.13
  32821.500 11.63
  32822.500 12.28
  32823.406 12.36
  32827.468 12.28
  32830.440 12.18
  32830.486 12.32
  32833.431 12.03
  32833.477 12.23
  32834.500 11.91
  32846.500 12.13
  32851.500 12.44
  32854.500 11.88
  32855.500 12.65
  32858.500 12.65
  32864.500 11.88
  32877.500 11.88
  32881.371 12.25
  32882.324 12.13
  32882.363 12.13
  32885.387 12.13
  32885.422 12.28
  32889.354 12.13
  32907.295 11.38
  32909.500 12.18
  32911.321 12.18
  32942.269 12.13
  32946.277 12.13
  33096.500 12.28
  33151.811 12.44
  33155.813 12.13
  33160.517 12.18
  33176.763 12.18
  33178.456 12.13
  33183.776 12.44
  33184.781 11.88
  33185.442 12.13
  33185.576 12.13
  33186.805 12.13
  33187.449 12.13
  33189.455 12.88
  33201.770 12.44
  33203.768 12.13
  33205.385 12.25
  33212.404 11.94
  33212.500 11.88
  33237.500 12.65
  33239.338 12.36
  33240.250 12.13
  33242.232 12.13
  33242.340 12.21
  33246.344 12.38
  33247.500 12.28
  33259.500 12.44
  33259.579 12.18
  33261.500 12.18
  33266.500 12.28
  33302.287 12.13
  33506.861 12.18
  33508.500 12.28
  33509.524 12.21
  33511.500 11.88
  33514.526 12.21
  33532.810 11.88
  33538.463 12.36
  33542.691 11.88
  33566.399 12.34
  33568.445 12.25
  33569.446 12.13
  33574.613 11.64
  33582.500 11.91
  33582.500 11.91
  33593.500 12.13
  33596.500 12.28
  33597.500 11.88
  33600.500 11.88
  33601.500 11.88
  33617.500 12.28
  33619.500 12.28
  33645.258 12.25
  33653.298 12.28
  33682.259 12.13
  33802.500 12.70
  33858.537 12.28
  33886.824 12.18
  33888.484 12.28
  33889.445 12.28
  33889.786 12.86
  33894.508 11.94
  33894.812 11.88
  33899.500 11.63
  33900.780 11.91
  33913.793 12.44
  33915.477 12.04
  33917.440 12.13
  33921.510 12.13
  33923.454 12.36
  33925.435 12.19
  33927.459 12.34
  33928.500 12.76
  33928.722 12.65
  33929.516 12.21
  33940.684 11.63
  33947.422 12.19
  33950.374 12.38
  33984.500 11.88
  34003.540 12.13
  34220.512 11.88
  34242.822 11.76
  34243.799 12.18
  34244.760 12.18
  34244.812 11.91
  34245.787 11.64
  34248.729 11.91
  34248.775 11.91
  34248.820 12.18
  34249.459 12.13
  34249.768 11.91
  34249.812 12.18
  34250.705 12.18
  34250.755 12.18
  34250.802 12.44
  34251.475 12.44
  34251.758 12.18
  34251.803 12.44
  34251.803 12.18
  34252.515 12.13
  34253.492 12.13
  34257.500 11.88
  34272.494 12.13
  34298.435 12.21
  34328.546 11.91
  34328.589 12.18
  34328.630 11.91
  34328.671 12.18
  34329.500 11.91
  34329.500 11.91
  34329.500 12.18
  34329.500 12.18
  34329.500 12.18
  34330.500 12.18
  34330.500 11.91
  34334.384 12.21
  34335.500 12.18
  34335.500 12.18
  34335.500 12.18
  34392.290 12.13
  34599.526 12.21
  34601.550 12.21
  34603.505 12.13
  34605.494 11.88
  34607.510 12.28
  34608.563 12.21
  34609.539 12.21
  34626.507 12.28
  34627.505 12.28
  34629.466 12.13
  34636.460 12.28
  34652.417 12.21
  34653.438 12.28
  34654.428 12.13
  34660.412 12.36
  34662.492 12.69
  34664.417 12.13
  34665.474 12.32
  34682.349 12.28
  34683.397 12.28
  34709.330 11.83
  34714.285 12.36
  34718.333 12.28
  34748.288 12.36
  34768.258 12.21
  34958.524 12.91
  34986.506 12.28
  34987.488 12.36
  34990.518 12.21
  35018.461 12.21
  35047.425 12.28
  35048.401 12.28
  35067.335 12.25
  35070.322 11.94
  35128.260 12.28
  35304.526 11.94
  35306.531 12.36
  35314.527 12.13
  35362.480 11.85
  35369.482 12.44
  35370.486 12.34
  35371.497 12.28
  35372.476 12.36
  35373.472 12.21
  35375.481 12.28
  35390.428 12.21
  35391.435 12.13
  35392.421 12.32
  35394.438 11.85
  35397.394 12.34
  35399.449 12.36
  35400.408 12.36
  35401.451 12.21
  35509.267 12.21
  35691.542 12.76
  35695.543 12.34
  35698.547 11.94
  35700.542 12.13
  35719.576 11.94
  35731.537 12.21
  35747.458 12.18
  35748.426 12.28
  35757.482 11.85
  35758.484 12.21
  35778.442 12.18
  35781.390 12.21
  35801.338 12.21
  35802.325 12.21
  35814.348 12.21
  35814.375 12.21
  35838.260 12.21
  35868.271 12.18
  36073.543 12.36
  36075.550 12.21
  36086.582 12.28
  36102.488 12.18
  36108.474 13.12
  36113.519 12.21
  36130.416 12.18
  36200.410 12.60
  36227.317 12.21
  36434.538 11.88
  36452.337 12.21
  36459.541 12.21
  36482.431 12.21
  36485.486 12.21
  36486.483 12.28
  36486.522 12.18
  36541.367 12.21
  36597.283 12.36
  36598.289 12.36
  36599.285 12.28
  36602.287 12.34
  36627.287 12.28
  36788.525 12.28
  36807.450 12.21
  36810.533 12.36
  36814.547 12.36
  36816.554 12.36
  36820.533 14.03
  36822.554 12.34
  36823.468 12.60
  36823.510 12.21
  36823.553 12.21
  36823.595 12.21
  36841.478 12.76
  36842.454 12.82
  36847.467 12.36
  36849.476 12.28
  36893.347 12.36
  36896.228 12.57
  36896.271 12.69
  36896.313 12.76
  36896.356 12.82
  36896.390 12.86
  36904.359 12.34
  37173.542 12.69
  37193.486 12.57
  37205.517 12.44
  37207.508 12.82
  37233.444 12.13
  37286.326 12.21
  37316.297 12.88
  37318.285 13.18
  37345.276 12.44
  37545.442 12.31
  37559.492 12.44
  37561.547 12.21
  37575.462 13.18
  37578.503 12.21
  37582.337 12.13
  37582.379 12.13
  37582.422 12.13
  37582.464 12.02
  37582.506 12.13
  37582.549 12.13
  37582.591 12.02
  37587.475 12.02
  37615.424 12.13
  37642.000 11.92
  37659.298 11.92
  37668.353 12.21
  37694.262 11.76
  37732.282 12.28
  37871.546 12.28
  37876.554 12.21
  37877.553 12.39
  37878.554 12.18
  37885.539 12.21
  37886.540 12.21
  37889.535 12.21
  37903.520 12.28
  37904.528 12.28
  37906.554 12.82
  37907.530 12.28
  37909.563 12.21
  37911.510 12.18
  37932.422 12.18
  37933.503 12.18
  37935.485 12.18
  37939.486 12.18
  37942.479 12.21
  37944.449 12.21
  37946.522 12.28
  37958.449 12.18
  37960.421 12.21
  37964.426 12.21
  37970.413 12.18
  37973.388 12.18
  37993.415 12.21
  37993.484 12.21
  38002.431 12.21
  38034.238 12.21
  38044.280 13.20
  38050.270 12.21
  38086.280 12.88
  38233.544 13.16
  38239.526 13.12
  38255.528 12.28
  38268.543 12.28
  38272.544 12.28
  38274.500 12.28
  38284.492 12.28
  38287.511 12.21
  38288.531 12.21
  38290.533 12.21
  38291.501 12.21
  38318.451 12.28
  38322.471 12.65
  38325.410 13.12
  38327.433 12.28
  38348.384 12.28
  38370.334 12.21
  38373.338 12.21
  38385.409 12.21
  38399.284 12.21
  38406.290 12.36
  38410.297 12.28
  38412.288 12.21
  38594.531 14.03
  38613.534 12.28
  38616.559 12.36
  38641.513 12.21
  38643.552 12.28
  38652.507 12.28
  38671.451 13.83
  38673.465 14.03
  38680.433 12.28
  38697.394 12.82
  38708.367 12.28
  38709.415 12.28
  38739.336 12.60
  38977.534 12.21
  38996.483 12.21
  39023.533 12.21
  39024.456 12.28
  39026.475 13.36
  39027.431 14.03
  39028.469 13.93
  39029.522 13.93
  39037.568 12.28
  39038.475 12.21
  39051.350 12.28
  39054.405 12.21
  39055.438 12.28
  39056.430 12.28
  39057.432 12.21
  39059.438 12.21
  39060.416 12.21
  39063.425 12.28
  39081.318 12.28
  39088.412 12.21
  39111.500 12.28
  39119.500 11.88
  39120.500 12.65
  39141.500 11.88
  39144.277 12.28
  39146.301 12.60
  39331.534 12.21
  39349.479 14.03
  39351.513 12.21
  39359.528 12.28
  39378.399 12.28
  39380.460 12.36
  39385.441 13.73
  39386.497 13.12
  39388.491 13.12
  39389.465 13.16
  39390.509 13.12
  39391.496 12.76
  39406.369 12.28
  39413.528 12.60
  39414.444 12.21
  39436.336 12.21
  39443.363 12.21
  39466.433 12.69
  39500.314 12.21
  39527.253 12.21
  39531.253 12.02
  39682.514 12.21
  39684.516 12.21
  39689.535 12.60
  39760.374 12.28
  39764.485 12.28
  39765.427 12.21
  39775.488 12.28
  39792.358 12.28
  39801.463 12.21
  39802.430 12.21
  39803.457 12.28
  39819.406 12.28
  39827.319 12.21
  39852.288 12.21
  39904.261 12.21
  40066.533 12.18
  40069.510 12.28
  40088.452 12.28
  40127.460 12.91
  40148.476 12.21
  40149.460 12.21
  40150.406 12.21
  40151.413 12.21
  40152.408 12.21
  40188.500 12.28
  40202.287 12.57
  40204.328 12.36
  40239.281 12.36
  40258.252 13.22
  40261.264 13.22
  40419.513 12.21
  40441.488 12.28
  40444.514 14.03
  40452.569 12.88
  40457.517 12.18
  40471.497 12.82
  40475.528 12.28
  40476.491 12.34
  40477.516 12.69
  40478.501 12.34
  40484.496 12.19
  40485.526 12.21
  40500.388 12.21
  40501.472 12.28
  40504.426 12.21
  40507.440 12.18
  40509.440 12.21
  40513.435 12.21
  40531.366 13.15
  40532.367 12.60
  40624.265 12.21
  40825.494 12.21
  40828.487 12.28
  40836.513 12.57
  40839.478 12.21
  40854.426 13.15
  40859.465 12.18
  40914.327 12.21
  40917.396 12.18
  40966.269 12.21
  40981.301 12.21
  41166.543 12.18
  41182.491 12.21
  41215.456 12.21
  41217.456 12.18
  41225.549 12.21
  41241.440 12.21
  41248.478 13.73
  41300.297 12.36
  41322.259 12.21
  41333.264 12.36
  41335.288 12.18
  41357.266 12.28
  41361.265 12.28
  41536.515 12.21
  41567.483 12.18
  41573.453 12.36
  41593.417 12.02
  41595.424 12.21
  41597.422 12.21
  41599.462 12.18
  41601.410 12.21
  41602.437 12.82
  41605.432 13.21
  41623.453 12.76
  41647.292 12.76
  41677.271 12.21
  41682.268 12.69
  41717.274 12.02
  41900.510 12.36
  41921.472 13.21
  41929.474 12.69
  41930.486 12.91
  41932.536 12.31
  41948.462 12.28
  41959.455 13.21
  41961.457 12.21
  41982.385 13.73
  41983.343 13.63
  41984.403 12.21
  41988.424 12.18
  42005.292 12.28
  42009.335 12.21
  42036.290 13.22
  42095.260 12.29
  42251.512 12.21
  42275.482 12.18
  42302.482 12.21
  42303.478 12.28
  42358.349 12.18
  42365.453 12.21
  42369.290 12.21
  42428.254 12.36
  42448.249 12.70
  42609.522 12.18
  42629.506 12.21
  42632.537 12.18
  42634.535 12.21
  42638.522 12.21
  42658.493 12.21
  42685.388 12.21
  42713.362 13.15
  42716.433 12.21
  42740.291 12.34
  42756.404 12.34
  42806.277 11.88
  42988.535 12.25
  43014.508 12.21
  43016.526 12.34
  43045.486 12.34
  43189.269 12.28
  43401.521 12.91
  43431.441 12.88
  43436.481 12.82
  43482.319 12.21
  43776.410 12.21
  43790.471 12.28
  43792.490 12.18
  43848.407 12.44
  43861.164 12.91
  43893.264 12.91
  44115.491 12.76
  44117.528 12.60
  44129.390 12.36
  44143.446 12.60
  44166.437 12.21
  44169.398 12.18
  44170.471 12.28
  44172.418 12.21
  44173.412 12.34
  44200.340 13.21
  44220.302 12.65
  44458.483 12.28
  44461.530 12.28
  44499.467 12.36
  44523.378 12.69
  44571.298 12.69
  44577.360 11.98
  44631.277 12.28
  44634.258 12.91
  44822.517 12.21
  44846.494 12.34
  44851.481 13.63
  44853.455 12.18
  44983.265 12.28
  44985.266 12.28
  45204.517 12.21
  45211.519 12.18
  45229.468 12.34
  45238.489 12.28
  45268.437 12.91
  45336.223 12.91
  45534.517 12.36
  45556.532 12.21
  45561.516 12.34
  45583.481 12.60
  45647.472 12.28
  45648.385 12.28
  45650.456 13.22
  45651.432 12.36
  45673.318 12.28
  45674.361 12.21
  45676.315 12.28
  45911.535 12.69
  45935.466 12.34
  45940.523 12.28
  45946.531 12.18
  46000.389 12.34
  46002.403 12.36
  46003.413 12.36
  46004.428 12.18
  46006.451 12.34
  46019.335 12.21
  46034.493 12.36
  46059.333 12.36
  46084.287 12.21
  46260.528 12.28
  46271.519 12.34
  46296.517 12.76
  46320.437 12.18
  46321.490 12.18
  46327.458 12.21
  46328.469 12.18
  46351.422 12.36
  46355.390 12.91
  46359.425 13.73
  46359.467 13.73
  46360.483 13.63
  46374.329 12.34
  46385.345 12.21
  46387.373 12.34
  46405.355 12.18
  46469.260 12.70
  46474.266 12.28
  46646.556 13.63
  46648.542 12.18
  46648.542 12.18
  46649.544 12.28
  46651.543 12.21
  46651.543 12.21
  46679.517 12.21
  46683.446 12.21
  46702.389 12.36
  46704.479 12.21
  46705.469 12.21
  46706.417 12.21
  46707.410 12.18
  46707.537 12.31
  46708.410 12.18
  46708.505 12.18
  46713.419 12.34
  46713.517 12.34
  46737.468 12.34
  46741.424 12.21
  46741.424 12.21
  46762.400 12.21
  46763.351 12.21
  46763.397 12.21
  46770.383 12.34
  46823.247 12.18
  46825.242 12.36
  46826.244 12.76
  47029.524 13.20
  47039.494 12.60
  47060.448 12.36
  47071.561 12.18
  47087.372 12.21
  47088.409 12.34
  47099.503 12.21
  47126.408 12.21
  47139.261 12.18
  47152.323 12.18
  47174.269 12.34
  47391.471 12.21
  47392.517 12.21
  47411.465 12.18
  47412.464 12.18
  47413.463 12.28
  47413.539 12.21
  47414.470 12.21
  47415.462 12.18
  47438.394 12.34
  47469.391 12.18
  47470.357 12.21
  47471.361 12.21
  47554.286 12.18
  47744.503 12.34
  47769.474 12.34
  47769.536 12.28
  47770.458 12.18
  47776.442 12.21
  47776.532 12.21
  47803.369 12.21
  47803.499 12.21
  47804.400 12.28
  47804.491 12.28
  47805.400 12.34
  47805.492 12.34
  47849.288 12.28
  47850.370 12.60
  47851.424 12.60
  47856.377 12.18
  47860.317 12.60
  47860.410 12.60
  47861.288 13.22
  47862.326 12.18
  47862.451 12.18
  47863.337 12.18
  48100.512 12.28
  48148.425 12.29
  48149.429 12.76
  48151.430 12.34
  48151.491 12.18
  48176.390 12.18
  48177.381 12.28
  48177.440 12.74
  48179.380 12.18
  48179.474 12.28
  48180.373 12.60
  48184.374 12.18
  48184.435 12.21
  48186.350 12.88
  48187.349 12.76
  48187.483 12.76
  48188.360 12.60
  48188.453 12.60
  48189.413 12.60
  48220.424 12.21
  48232.317 12.34
  48233.307 12.21
  48271.279 12.18
  48272.277 12.60
  48273.267 12.57
  48274.273 12.60
  48275.247 12.18
  48289.252 12.18
  48290.250 12.18
  48503.433 12.60
  48503.459 12.60
  48504.427 12.28
  48512.447 12.18
  48512.494 12.18
  48513.415 12.34
  48513.486 12.65
  48514.426 12.21
  48537.365 12.18
  48537.435 12.34
  48539.440 12.34
  48540.407 12.60
  48540.453 12.65
  48558.310 12.65
  48559.312 12.34
  48590.378 12.34
  48591.299 12.65
  48592.285 13.21
  48592.358 12.60
  48593.262 12.28
  48600.299 12.21
  48601.326 12.18
  48619.224 12.18
  48619.251 12.21
  48644.240 12.28
  48645.249 12.28
  48646.248 12.28
  48647.257 12.28
  48653.267 12.34
  48653.291 12.21
  48839.533 12.28
  48862.458 12.60
  48862.574 12.18
  48862.574 12.18
  48863.449 12.21
  48887.410 12.34
  48888.466 12.34
  48892.412 12.34
  48893.402 12.21
  48893.517 12.18
  48916.444 12.34
  48927.435 12.21
  48974.378 12.36
  48982.264 12.34
  48982.301 12.34
  48983.236 12.21
