Page1Col1
42387.333	11.62		
42392.310	11.60		
42415.340	11.49		
42423.266	11.52		
42428.299	11.45		
42429.304	11.44		
42430.303	11.44		
42431.276	11.96		
42431.287	11.98		
42432.165	11.99		
42432.180	12.01		
42452.254	11.45		
42636.538	11.58		
42650.510	12.39							
42650.519	12.32							
42651.359	11.79		

Page1Col2
42651.367	11.80
42651.398	11.79
42652.392	11.62
42652.460	11.62
42653.376	11.98
42658.473	11.53
42659.316	11.48
42660.414	11.50
42661.363	11.54
42662.445	11.50
42665.450	11.52
42667.380	11.57
42671.351	11.66
42673.362	11.82
42674.355	11.61
42681.378	11.71

Page2Col1
42684.3550	11.57
42687.2700	11.59
42693.3460	11.56
42699.3390	11.54
42718.3080	11.53
42719.2540	11.60
42723.3060	11.81
42724.3060	11.69
42728.2770	11.69
42747.2410	11.86
42747.2690	11.86
42747.3490	11.84
42748.2300	12.05
42748.2460	12.10
42749.2310	11.78
42750.2530	13.62
42750.2620	13.65
42750.3170	13.72
42750.3850	13.77
42760.3220	11.57
42768.2670	11.52
42774.2520	12.32
42795.2490	11.47
42796.1820	11.56
42807.2180	11.55
42807.2260	11.56
42824.2030	11.53
42825.2010	11.49
42826.1920	13.76
42826.2000	13.79
42826.2070	13.73
42826.2280	13.75
42826.2340	13.82
42826.2420	13.74
42827.2070	11.66
42827.2120	11.64
42827.2190	11.67
42827.2250	11.65
42827.2300	11.67
42827.2370	11.65
42828.2630	11.53
42829.2080	11.59
42960.4640	11.72
42981.4990	11.49
42988.5180	11.63
42989.4640	11.82
42993.4920	11.56
42995.4850	11.51
42996.4820	11.46
42996.5280	11.50
43004.3950	11.42
43005.3910	11.54
43006.3880	11.37
43007.4510	11.48
43008.3880	11.50
43009.3910	11.45
43010.3880	11.51
43012.3630	11.56
43035.4220	11.66
43036.2850	11.66
43049.4430	11.61
43050.3160	11.58
43051.3460	11.53
43051.4050	11.52
43055.3530	11.55
43057.3940	11.48
43057.4020	11.49

Page2Col2
43057.412	11.50
43057.475	11.50
43057.482	11.51
43059.349	11.60
43061.278	11.89
43064.291	11.63
43064.300	11.70
43064.339	11.73
43064.347	11.68
43065.269	11.65
43065.275	11.64
43065.357	11.65
43066.360	11.81
43066.367	11.80
43067.242	13.26
43069.380	11.92
43072.272	11.67
43077.278	11.54
43078.194	11.55
43078.262	11.56
43078.267	11.58
43078.468	11.59
43079.196	11.55
43079.201	11.57
43079.252	11.55
43079.475	11.51
43080.283	11.60:
43082.276	11.59
43082.302	11.60
43088.212	11.55
43094.248	11.50
43094.453	11.50
43096.324	11.62
43097.383	11.53
43099.326	11.51
43099.419	11.54
43109.381	11.82
43110.227	11.83
43110.326	11.80
43110.390	11.77
43112.249	11.61
43112.326	11.60
43112.372	11.62
43113.367	11.55
43129.351	11.51
43130.214	11.51
43131.237	11.50
43131.305	11.50
43132.175	11.48
43132.272	11.49
43132.320	11.50
43133.257	11.55
43133.262	11.53
43133.335	11.56
43141.224	11.58
43141.229	11.58
43142.233	11.52
43143.260	11.63
43145.205	11.83
43145.255	11.79
43146.170	11.60
43147.178	11.68
43150.185	11.53
43150.269	11.56
43155.245	11.51
43155.251	11.50
43157.211	11.91

Page3Col1
43157.216	11.81
43157.219	11.80
43157.225	11.81
43157.229	11.82
43157.235	11.82
43157.240	11.82
43157.251	11.82
43157.257	11.85
43157.286	11.82
43157.292	11.83
43159.223	11.64
43159.228	11.59
43159.233	11.62
43164.225	11.54
43164.231	11.54
43164.239	11.55
43168.213	11.61
43173.254	11.62
43199.214	12.40
43321.487	11.53
43331.483	11.48
43370.415	11.55
43370.421	11.56
43374.316	11.53
43374.460	11.55
43375.435	11.52
43377.448	11.51
43378.450	11.49
43379.461	11.59
43380.487	11.89
43405.333	11.51
43405.504	11.51
43405.512	11.54
43406.240	11.63
43406.246	11.62
43406.498	11.69
43407.494	11.68
43408.273	11.81
43408.552	11.82
43409.378	11.81
43410.462	11.87
43417.367	11.46
43418.305	11.74
43420.251	11.67
43420.290	11.69
43422.394	11.53
43423.370	11.62
43423.467	11.61
43424.333	11.51
43425.433	11.56
43426.326	11.54
43430.307	11.52
43439.336	11.60
43440.451	11.60
43459.394	11.53
43460.412	12.58
43460.421	12.58
43460.482	12.46
43460.492	12.43
43460.501	12.40
43461.290	11.58
43496.262	11.54
43506.256	11.46
43506.282	11.45
43525.190	11.57
43764.492	11.64
43806.465	12.22
43806.505	11.79

Page3Col2
43806.514	11.81
43806.520	11.83
43806.528	11.81
43806.535	11.80
43806.542	11.80
43821.292	11.97
43826.324	11.42
43827.265	12.07
43831.230	11.87
43833.262	12.21
43833.295	12.26
43833.301	12.27
43833.308	12.29
43833.318	12.30
43833.324	12.32
43833.383	12.51
43833.390	12.52
43833.396	12.59
43833.401	12.58
43833.408	12.61
43833.415	12.66
43833.421	12.67
43833.427	12.70
43833.433	12.69
43833.440	12.69
43833.446	12.74
43833.454	12.75
43833.462	12.78
43833.469	12.78
43833.476	12.82
43833.483	12.80
43833.490	12.81
43834.170	11.97
43835.160	11.98
43835.224	12.01
43835.235	12.04
43835.252	12.05
43838.403	11.64
43850.204	11.64
43862.188	12.04
43862.224	12.02
43862.343	11.87
43865.190	11.74
43866.226	11.66
43874.169	11.65
43888.201	11.74
43891.240	13.48
43891.249	13.42
43891.256	13.37
43891.265	13.33
43891.274	13.32
43898.210	11.69
43905.198	11.61
44134.314	12.00
44139.296	12.30
44140.528	12.15
44141.262	12.13
44141.292	12.13
44142.335	11.82
44145.444	11.80
44161.259	11.73
44163.396	11.71
44164.399	11.67
44175.268	11.63
44183.190	11.82
44189.250	11.70
44190.263	11.68
44192.277	11.85

Page4Col1
44194.339.	11.64
44195.256	11.60
44222.190	11.69
44222.260	11.70
44226.175	11.64
44226.260	11.67
44231.202	11.71
44232.265	11.77
44254.240	11.67
44289.199	11.70
44290.198	11.71
44460.492	11.53
44484.331	11.80
44487.505	11.71
44491.532	11.60
44521.383	11.72
44523.387	11.83
44523.430	11.82
44525.235	11.79
44525.389	11.81
44525.431	11.82
44526.357	11.83
44528.394	11.75
44530.296	11.77
44533.368	11.91
44584.506	11.61
44599.289	11.65
44635.212	11.84
44641.194	11.78
44646.205	11.65
44813.417	11.61
44818.478	11.69
44819.493	11.57
44849.453	11.76
44849.469	11.82
44850.410	12.41
44850.418	12.36
44850.429	12.43
44850.436	12.42
44850.442	12.44
44850.450	12.42
44850.456	12.41
44850.463	12.43
44850.471	12.45
44850.531	12.38
44850.538	12.37
44850.544	12.37
44850.548	12.35
44850.554	12.37
44851.551	12.75
44851.557	12.78
44852.424	11.79

Page4Col2
44852.430	11.81
44852.435	11.79
44853.412	11.59
44853.423	11.60
44853.526	11.70
44854.410	11.64
44854.417	11.65
44866.252	11.62
44870.339	11.71
44871.373	11.75
44876.433	11.65
44877.315	11.70
44881.262	11.57:
44899.367	11.72
44900.379	11.70
44901.202	11.72
44902.375	11.70
44981.219	11.77
44986.253	11.72
44989.244	11.67
44993.222	11.64
45011.206	11.63
45012.195	11.64
45016.221	11.89
45225.356	11.72
45226.525	11.71
45229.521	11.72
45230.336	11.72
45234.515	13.03
45234.522	13.07
45234.531	13.14
45234.542	13.21
45234.556	13.20
45234.567	13.26
45234.578	13.29
45234.588	13.31
45250.240	11.72
45284.226	12.16
45284.265	12.16
45284.273	12.15
45284.335	12.18
45284.372	12.18
45284.380	12.18
45285.330	11.84
45285.414	11.82
45286.188	11.87
45286.340	11.88
45286.412	11.91
45297.219	11.80
45341.196	11.69
45349.282	11.74
